seq_id,seq,prob,label
2321,AACCTTTTTCATTATGATAATTCCTAAAAATTATGTGTGCAGTTGCGTTATAATGGGCGGCTTACACACAATTTTTCGATG,0.9999690055847168,1
2322,ATAAAGAGCCTGTTATGGTTACGAATCATCCTGAGCTTCAATGGCGGGCTACTTGTGGAGCAGTTGGCTTAGCTGTACTAC,0.007258966099470854,0
2323,CCATCGATGGATTTTTCCATCGGGTCGTCATCATATAGATTTTTCCTGCAAGATGATAGTCATTCTGTCCCGTAAATATTT,0.9999738931655884,1
2324,TTTCAGAAAGAGAATTTCACTATTTAATTGAAACTCAATAATTCTTTGCTAAACTAAAAGATTAGAAACTGCATAAAATTT,0.999974250793457,1
2325,AGTTACCACTACCACACTGGTTTGATGTATGCAGTTTATGCACCAAATCGTGCCGCACCTTTAGCGCAAGGTGGCCGTTAT,0.0045344955287873745,0
2326,GGTTTCATTGGTATGGCGTTCTGGATGCTTATTCCGGATGAGCTTGATGATGAAACAGCGAGTATTAATAAATGGCAAAAG,0.004463436082005501,0
2327,AGCGCAAAGTACAACAACTGAGATGAATAACCCGCAGAAATCGGTTCCTTTAGATGATTTATTAAAAAGTTCTACGGCTAG,0.004774554166942835,0
2328,TGAAGAAGGTACAGTGAATGTACGTACTCGCTCAGGAAAAAATTTAGGTACTATGTCAGTGGATGCTTTCATTGACTTAGT,0.004542408045381308,0
2329,AAACACAAATTGGGCAAAATTACTGCTCGAATTGAAAAACAATATAGAACGGAAGTTCAATATTCAGATGACTTGGTTGAG,0.0701146200299263,0
2330,TTACTCAATGACGCTAAAGTTGGGCAAGGCGCTCAGGCGTACAGTTATGTTTTTGGTGTGGCAAGTGATGCAAATGGTAAT,0.004558025859296322,0
2331,GAGTGTCATTCTGTCACCATTCATATCAACTTTCGCGTGTGCGCATTGTATAATCGGCATCATTTTGATGATATCCACGTT,0.9999741315841675,1
2332,TCGGGCTGAATGGATGTCTAAACCTTGCATCATAAATAAACCACCCACGCGTGCAAGTAGGCCAGGGTGATCGAGTGTTGA,0.9999731779098511,1
2333,TACTGGCGACTTCTCTGAACGTTCCAAAATATCAATGGAAGCGACTGCTTACCATGAGGCAATTCCCGGCCACCATATGCA,0.004540181253105402,0
2334,CTAGATAGTACTCGCCATGATATTGATAATTTAATATTTTTTTCAAAAAAAGAAAGCTATTTCACACTTTAACAACATATT,0.9998279809951782,1
2335,GGCATCATTGTGAACACTGCTTCTGTTGCAGCATTTGACGGTCAAATTGGACAGGCAGCTTATTCTGCATCAAAAGGCGCT,0.004473014734685421,0
2336,AAATGATTTTGGCGACTAAACGCAAAAACGTGACACAACCTGATGCCAAGATTATGGCTCAAATTCAAGCATTGAAAGAAA,0.004589495714753866,0
2337,GGCTTTCTCGATGGTTATTTAAATCCGGAAAATAATATTGCTGAAATTCGTGCTTTTTATTTATTAGGAGAAATTCAAAGA,0.005802892614156008,0
2338,TGAAGTCTTTAATGGGAATAGGGATTGCTATTCCCATTTTTATTTCTTCATAATTCAATTTGTTTTTAAATATAGACCAGT,0.9999722242355347,1
2339,AGCTATTAGTATTACACGAATTAGTCCAGAAGGCGTGATTAGTGGTTATGCGACTGAAGGTAGTCATTTTATTGTAAAAGA,0.004487948026508093,0
2340,ACAACACATGTCGCTTTTGAGTATTTTTCTTACACATGTTTAACGGCATTATAGCCCCACGGCACAGGGAAGCAGTCAGGA,0.9999545812606812,1
2341,GATCCGGGCAGTATGATTACCCGTGCTAAAAAAGTTGAAGGTGGTTACCGTTTAACTGGCGCAAAAATGTGGATTACCAAT,0.00444798031821847,0
2342,AGGATACCTTTCTGTTGCAGTGGCGCTCACAATAGCATTAAATACGCGCAGACCCAAGATTGATTGGGCAAACAAAATAAA,0.9999738931655884,1
2343,AAGACTTGCTGAATCAGCATCAAAAAGACATCGAGAGGCGTTATACCGAGTATGGTCCGCATCGGGCAGATTTGCGCTTAA,0.0057546403259038925,0
2344,CTCTTAGCCGGCATGATCCATGGACTTGTTAACCAACTACCTCCTGAAGAGACTTTAAAAACTGCGACAGCCATTGCAAGC,0.004501541145145893,0
2345,ACTTGGGATTATCGCAAACACTCTATATTTTAGACTAATTTTGCATTGACAATACAATTTTTATAATAAATGGGTTCTATT,0.9999744892120361,1
2346,ATGGAACATCCTGTTCTCAATGAATCCATAATAGGAAATTGAGCTAAATGTGCCTATTGGCAATTTTCCTGAATTGTTGTA,0.9999513626098633,1
2347,GCACCAAGCGGCTTAATTATGAGGATGGGCTTCTAAGTAGCAGTAAGACTGATATCGACCGTACGGTGAGAACAGTTCGTA,0.999953031539917,1
2348,AGTGGGATGTTTGCAAATAGCCGTATGCTTTACGGTTTAGCTCAACAAGGCAATGCACCAAAAATTTTCAAGAAAGTAAAT,0.004451763816177845,0
2349,TTTAACTTTTTTTGACAATAGGTGTTGACGTCTGAGGGCGTCGCGCCTAGAATGCACACCGTACCGCACGATGTGCGATAC,0.9999669790267944,1
2350,AAAATGACAGGTAACAGAAAACTATTTTGCAATCCATATATAGATACCTTAAAATAGGCAACTTGCTGTAGTGATGCACGG,0.9999735355377197,1
2351,TTCCTACCCATAAGGAGAATCTTAAAGAAATATCGCTAAATCATTTGTAGGATTACTCACATCATCCCACTACACAGGAAC,0.8797646760940552,1
2352,TGACATGGTCTATGGTATTCGTAATCGTACAACCGAATCATGGCTTAAACGTGTTTTAACCCAAGCTTATTACCGTATTTT,0.0044529917649924755,0
2353,TTAGCTGGATTTATCGAAAAAATTACAGAAGGTGGACCTAAACCACCTCCGCCTATAAAGAAATTTATTCCAGAGTATATG,0.0044508739374578,0
2354,TTACTCTACACAGACTATGCTGCCCACATCATACTGAATCTGACAGACTTTGCAAAAATTCTACTTATATGTCTTTATTTT,0.9997863173484802,1
2355,TCAAAAGCAGAGCTAAAAATCTGTTCAAAAACCTTTAGCGAAGCACGAAAGCAGCTCAACAATAAATATCTTTCTGCATAC,0.004430501721799374,0
2356,TTAAACGAACATGGGGGCATTGATTTTGTGGGTCGTGCTGACGATGTCATTACAACTTCGGGCTATAGAGTTGGACCATTT,0.004452822729945183,0
2357,ATCTCAAGTTTTCTTTGATCTGAAATATACTTTCTTCTGAAAAGCAGTAAAATACTCCCCGTGTTTTATATCCCCTCAAAG,0.9999738931655884,1
2358,AAAATTTAGACAGAATCAAATGGTGAATGGTACCAAAAAATTGAACTTAAAGGAGCCAATTTTAGTTAGTTATTCATAAAG,0.999946117401123,1
2359,ATTAAAATCGGCTATTTAGAGCAAGAACCGCCACTTGATCCGACTAAAGACGTTCGTGGTAACGTTGAAGATGGTGTGCGT,0.006509469822049141,0
2360,CTGAATGAGTTCTTGGCACTCATCGCGAATTTGTTCCAGATTTAGGCTAGGATCAATATAGTCAGGAATGTTATCAATTTT,0.9999737739562988,1
2361,GATAGTGATATTCTCGCGGGGATTAACTGGGCTGTAAACAATGCACAAACCTATAATATTAAAGCGGTGAATTTGAGCCTT,0.999459445476532,1
2362,TTTATGATTTTATGAGTACAAAGGTTTTCACTTAGCTTGAACAAGTGTAAAATCTTTCAGGTTTTTTAATTTTGATTTACA,0.999974250793457,1
2363,TAACCAGCAACTTGATGAGCGTAAATTGCAACGCGCTTGTCAAAATGTGTTAGGTGCTCAGAAAGTTTATAAATTATCAAT,0.004519588779658079,0
2364,GCAAAATAAGCTTGCAATGGAATGACAAAATTAGCAATCCTATTCTTCTATAGTGAGCGAATAGTTGTGCACAATTGTGTC,0.9999696016311646,1
2365,CGGTTTAGGGTGTGAACCGCTGTCATTTACAGCAATAGAATAGAGTGGCATTATAGATAATCAATAGGTTGTCACTCTAAT,0.9999737739562988,1
2366,AAAAAGCGCAACAAGCCACTCAAGGCTTAGGGCAGACATTTAAAAAGCTGGTTGAAAAGAGCAAGCTCACACAACAGCAAG,0.00448358291760087,0
2367,TGGTTCAACCATTGTTCTGGGGTTGGGTATTTTAAATAGATTTGAAGTGCTTTTGCATAGAGATCTGCATGGCTATGGGTA,0.9997197985649109,1
2368,GTCGGCACTGCCGTTTTACTCCCTTATCTAAATCAGGTGAAATCAGGTAGAATTGCCGACTTCGGGTGTGGAGCTGGAATT,0.9999710321426392,1
2369,AATCTTGTACTCATCCCTGTCAGCTTTTTCCTTGATGTAACTCGCGGCGAACATGCCCTGATGATTATTGTCTGTTTGTTT,0.004577734507620335,0
2370,CAAGGCACACTAAACACCGGAGTTCCATTTTTAGACCATATGATTGATCAAATCAAGCGACATGGCTTATTTGATATCGAT,0.004487353377044201,0
2371,ACGTTGTTTCTGCTGGTGTAGATATCGTTCCTCAAGGTGAGCTTGGTGTAGCTGTAGGTTCTGCAACTTATCTAGCATTGG,0.004548840224742889,0
2372,CTTGCAGAGCATCATAGCACTTTTTTTATCATACTTGTTATTGATTGAACGTTCAATCAATAACAAGTATGATGTGTAAAA,0.9999656677246094,1
2373,CCTGCGAATAAAGCAGCAACGGTAAAAGTTGCAGAGATGCCTAAAGCAGAAGAAGTTACGGATGAAGTAGAGCTAAATGCC,0.0044924793764948845,0
2374,TCTTCGATTAAAATTTTTTAGGTACCCTATCTTGCAATGTGTTTGGCATTTCGGTCAAGTCACAATTTTCTGGAACGGGGC,0.9998829364776611,1
2375,AAAAATTGCTCAAGGTTTAGTTCCTGAAGCATTAAAAAATGTTCATTTGCACGTTTTAGATATGGGGCTTTTGCAAGCTGG,0.005259616766124964,0
2376,AGGTACGTATCAACCTGAAAAAACCAAAGAAGTGGTGATTCGCCAAAGTGGTGAAGATCAGGTGAGCTATTTATATCTGGA,0.004463037941604853,0
2377,TTAAATCGTGAAGGACTAGCCGATGCCGAAAGCTTTGCTGAATTAGATAAAGTGCTGGAGCAAGGACAAAAAATGCATCAG,0.004502120427787304,0
2378,TGGAGACCTGGACAGGCGCGTTCCCGCAACTGCTGGCCGCCTACGAGCACAAGGAGCGCTTCTACGGCATCTGGGACGCCA,0.004493287764489651,0
2379,ATATTGCAATCGCTATTATAGACTTGTGATATGAGTTGTAAATGAGTAAAATACTGACCTTCACTTGTGATCTGGCGCAAT,0.9999746084213257,1
2380,CTCATACCGAATTTTTAATACTTTGTTTAGAAAGCTAGATAAAGCTGATACATTAAAAATGATATTATAAAAAAGATGGTG,0.9999731779098511,1
2381,GTCCAGGCCGGCCCCGCCGGCATGGCCGCCGGAAAAATCAGCGAAGCGGCCGGCATCCCGCCGTCTTCGCTATCCTTCCAC,0.004531579557806253,0
2382,TACAAAGATTTGAGTCTAGGTCCAATAGGCAGGCAGAGTTAAAACCCGTATTCTACATTCATCGGCACACGGAAGCGGGAA,0.999619722366333,1
2383,GAAGTTTGGTTTTATTTTTCTAATTAAAGCCGCAGGCCTCAGTAGCGACGAGATTTTAAAAAAACTCCATCAACGTCTTCA,0.004504546523094177,0
2384,GTACTTACGCAGGTAGTCCGATTGCGGTTGCTGCTGCGCATGCGGTTATTGATGCGATCGAAGAAGAAAACTTGTGTGACC,0.004467898514121771,0
2385,GGCGGTAGTGCCAAGCAGGCGCGTGATAAGAACTTTCAGGCCATCATGCCAATTCGTGGAAAAATCTTAAATACATGGGAA,0.004545913077890873,0
2386,AAGTCCAAGACACCGAAAATATCTTATCTCACATACGGCAAAAATTAGGCACAGTTTCTAATGAAATTGCCGCTTTAGATT,0.007756530772894621,0
2387,ACCTGCTCGAGTTATCCACTGATCAGCTATTATCAGGGGCGATTCTGGCTTCTGAAAAGTTTAAATTGCGTGTTCCGCGTG,0.9999006986618042,1
2388,TTGTTTATCCACAACTTTTAAATTTGAAATTAAGCTGTGCTCTACTTTATTATTTTGATTACGTTACGTTTTCAAGAGGTT,0.9999568462371826,1
2389,AAGTGCTTGATAATTTTAATCAAGTAAATTATTGACAAAATTACTTACAATTTCCGTTGTAATTCGGTAATTTTTTACCCA,0.9999703168869019,1
2390,CACTTCAAACCCCTTTCATAGAGGGCGACATTCTACGTGATTTTCACCCTGAAAGAAAGATTAAATTTTGAGTTATCCGCA,0.999972939491272,1
2391,CTAAACAAGCTCTTCATTCAAGACTTATATTAACCGACAAACTTTGTGCTAATCATTGAGAAAATAAGATATTTTGTTATG,0.9998986721038818,1
2392,TTTATTCTGATCAAGTAATGCGGTGGAAATATAGCACCTTTCAAGTAAAAAACAAGAATAACATTATATTTTTATGTATTT,0.9999741315841675,1
2393,GAATCTGTGGCAGTGAAAAACCGTGCATGATAGCACAATTTGCTTGAAATGTTTGGGCTTTGATCGGTGACCGTTAAATAA,0.9999675750732422,1
2394,TTACCGCAGAAGCTGCATGGCGTGAAGATGGTTTAGTACAAACCACCTGCCGTCTGCTTAAAAAAGAATTACCAGAAATGG,0.004482743795961142,0
2395,AATTGCTATCTTGTAGAAAAAACACTTGATAAAGTTGATATAGCACTCATTAATAATAGAGTATGACTGTTTTATTAAGTT,0.9999741315841675,1
2396,ATTGCTTGTGTCATCTTTTAAGGGGGCATATTTGACCATAGCCGGCCTATATAAACTACCCTTTTCAACAATTTTCTAGCA,0.9999741315841675,1
2397,GTTTTAGGAACTACAAAAGTTAGAGATCAGCATACACTACGTATTAATCATTATAGCCAGTCTGCTGCTAATTTTTATGGA,0.9816610813140869,1
2398,ATAGCGTAATTTTAAAAAGTGACCTTGAACAAGGAATGGCTGAAGCAGCTCACGAATTGCAAGCACAAAAAAAAGAAGTTC,0.00461106700822711,0
2399,ATTCAAGAGACTCTATTTGAGCTTGTATATGATCAAGTCGTTTAGTGATTTGGGTCAATGGCACATCTGCTAATTGTCGCA,0.9999744892120361,1
2400,AGTTTACACAACAGCAAAAACTTGCCGCTTATAACATATTTTCGTAAAAATCACGAGATATTTACCCGACTCACTCATCCA,0.9999629259109497,1
2401,ATTGTTGTAATGAAAGCAACCAATTGTATTATACGAGGAAACCTATATTTAATGCATTAGCTAATTTGGTAAAAGATTTGC,0.9999728202819824,1
2402,ATCTTTATGCTTCATATGCCAAAGGTTTATCGGATGGTGGCGAAGCTCCGTGGTATGCAGAAGCGAATGCTTATCAAGTCC,0.004454370122402906,0
2403,GCATCAATGATGCTGCGAAACATGGTGAAGCTTTGGTGCTAACAGCCGAAGAAGTAAAGATTCTTTCTAAAGACATTGGCG,0.004466144368052483,0
2404,AAAAGCTCAACCTCAGTTTTCAGTCAGATTCTAACAGAAATATGAGAACAAAGTCATATTTTGATAATCACTGCCAAAAAA,0.999974250793457,1
2405,ACATTGCTGGCCCCTCAAACCCACATGCACGTGTTTCAACTGCGGACTTAAAAGAAAAAGGCATTGCAGGTGTAGTTGAAA,0.004449623636901379,0
2406,CGAATCGCTTTTTGTCCGCGCCAGCCAAGTTTATAGTGGCCAATCAATAAAGAGCCATAAATAAACCATGAAATAATACTA,0.9999663829803467,1
2407,ATTTCAACAATACTACGGCACCAGCCCAATGTCGTATTTGAAAAAATATCGTCTTCAACAAATTTACAAAATCTTGAGCAC,0.9996969699859619,1
2408,TTCTTTGAAATGCTTTTAAGTGGGGGAAGCTACCAAGGCAAACAAATTTTAAGCGAGAAAACAATTTTTAGAGCAACACTC,0.004719776101410389,0
2409,GGCGTATGCCAAACAACTAAAGTTAATCGATCAAGATACCCAGCCAGAAGAATTTATTCTTCTTAGAGAAGCATTAGAAAC,0.005075541790574789,0
2410,GCCAATCCTCAAGTGCCCGGATTAGGACAAAAAGCGGTTGAGGAAGTCAGTACACGTTTAAATGAAAAATTTGAAGATAAG,0.004465477075427771,0
2411,GCCAAATGCCAACTGGTATGAACGTGAAGCTTACGATATGTTCGGTATCAATTTCGAAGGGCATCCAATGCTTCGTCGTAT,0.0045278193429112434,0
2412,GTATGATTAAAGTCGCAATGCACTTCTTACCAGACATGTATGTACCTTGCGATGCTTGTCATGGCAAACGTTATAACCGTG,0.9997816681861877,1
2413,GGTGTGATTGGTGATTATCGGGAACCTGCAGTCTTGAGATTTGGTATTACACCTTTGTATCTGGGCTTTGAAGATATTTGG,0.004515442997217178,0
2414,AGCAAATATGAACAACTTCTTTGTTTCGCTTGCCGTGATTTTACCAGTATTCTAGCCGACTGATAACCCTTATTTAATTTT,0.9999755620956421,1
2415,AAGCATTTGATAAAATGGGCGGCTATTTATACCATAGACGCTTGTAAATTACCAAAAGTTTTTAGAGATCATGAACAGTAC,0.9999126195907593,1
2416,TCGGGTGCCATGATGTTCGAATTCTTTGGAGAAGAAGACGAGCGCTGTATCCAAGCGGGTCAAGATATTATGCAGGCGATT,0.004481756594032049,0
2417,GGCCTTAGTAGGCAGACTAAGTACTCGGCTTCTTTCAAAACCAAAACATATAAATATTTTTAACAAAATAATGGCTATTAT,0.9999659061431885,1
2418,AAAAGTAAATTACGAAAACTATGGCTGATTTTTTAGTAAAAATGGAGCAAAATAGTCAGCAATCATAAAGAAACATATTGA,0.9999680519104004,1
2419,ACTCATCCACCTCACCGGAACGAGCCGCCATAATACAAACTAAAACTACATTGTTCAAGTCATGATACTGAAATTTTCTTG,0.9999737739562988,1
2420,CGGAGCAAAAACCGAAAAAGGCCGAGTTTGCTTATAAAACGCTTTTAAGTGAAAAGAATTATCCGGATATGACCGTTTATA,0.00455284072086215,0
2421,GTAGAAAATCAATTGCAGGCTCGGTTATTGGTGGAATTAAAGAAACACAAGAACTACTCGATTTTTGTGGTGAGCATAATA,0.0044451202265918255,0
2422,TGTAAGCAAACGGGCTACTAATAATATTCACATCAAAACTGATGTGATAGTATTAGCCATTATTGTTTATTGTCATTTATA,0.9999748468399048,1
2423,CCGTTTACAAGTCGAACACCCTGTCACCGAAATGATTACAGGTGAAGACTTGGTCGAGTGGCAACTTCGTGTGGCTTATGG,0.004491180647164583,0
2424,TCGTGTATCGCGTCGGGATGAGTGCATTATAGGGGAAAAAACCGGTACGCAAGCACTTTTATAAATATGCGCGCTCGACCG,0.9999569654464722,1
2425,GTACAAAGATTTGAGTCTAGGTCCAATAGGCAGGCAGAGTTAAAACCCGTATTCTACATTCATCGGCACACGGAAGCGGGA,0.7069007754325867,1
2426,TTGTGAAATTCACTCGGTATTGTTGGATAATGTGCATCACCTTGTACATCTAAGTCAACATGAGTGAGCTCAAGACGGTCT,0.9999728202819824,1
2427,TAGCAGGCAAGAAGAAACCGATGACGCCTGGTGAACTAGGCTGTGCCATGTCTCATATTGCTGCATTAAAAGATTTTTTAA,0.999411940574646,1
2428,ACTATTTATTATCGTGATTTAAAATCTAAAAAAATTATTGAAAAACCGGAAAAAGATTCATGGACCTGTTTTAAGCAACCA,0.0045700534246861935,0
2429,TGGTGGTATCGGTGGTGATAATCCTCTTGGCGTAGTAACTGACATTATCGGTGGTGTTACTGGCGGTATCGGCGGTGATAA,0.008455583825707436,0
2430,AAGCAGACTTGTTTAGTCATTCGCTTCATCTTAAATCGTTTTATGATCAAGAGATAGCACTCTACTTTTATACATCAATCG,0.9999516010284424,1
2431,TTTAACCATTTTTAGTTTTGTGAACCTTTAATTCATTCGGATTGGCTCCATATTCTTATTAACCAAGTGAATAAATGATTC,0.999974250793457,1
2432,AATAGTCAAAATTCAAAAACTGCGGAAAATATAACATAGATAAAAAAAATGGCAGAGTTTCGATACCTAAACTCTACCATA,0.9999651908874512,1
2433,TATGGCGGCTTTCACGGAATTGCCGCCACCCATTGATTATGTTCTGCCTAATATGGTTGCTGGCACTGTTGGTGCTCTTGT,0.0047301603481173515,0
2434,TATCAGTATTACATAGCTACTTAGTTCAATGTAAGGGTTTGATGCTATTATTCAAGGCTTAAGTAAATTTGTCTAATGGAT,0.9999731779098511,1
2435,GAATAAAATAATTTAAAATAACTATTGTTAAAATTGATGGAAAGGGATTTAATATTTTGCTGCTAAATGATGCATTTTAAA,0.9999744892120361,1
2436,TCTCATGAATTGATGAGTCAATGTATAGGATAAATCATTACTCTATGCTATAAATAATTAATAGGCATGATTTTTGCTTGT,0.9999734163284302,1
2437,CCAAGGCAAGATGAAAAACAAGCGGGCAATAATAAAAAGCTTACGTCCGAATTACAATGCCGTTCGGGTAAATTAACGACA,0.9996023774147034,1
2438,GCCGTTTAACTGATCAGAAAAACTATATTCATTTACTTCAAGCTTGGAAGAAAATATATCAATCTATTCCGGATTGGCAGC,0.9998953342437744,1
2439,CAAAAATTAACAGCAACATTATCATTGACGCTTTTGTCATTTGGATGGGGCTCTACAGTAAACGCAGCACAACAACAAATC,0.004476451780647039,0
2440,GCCTTTAATTTCTCAGTAGTTATCGCTGGTTTAACCCCAACTCTTACCGCAACGCTAGTTGAAACTACCCATAATCTGATG,0.004449080675840378,0
2441,ACAGAGCTAAGGCATGGCACCAAAACCGTATTTAATTATGGCAATACGGGACAGGCCGTGAGAGCATCAGCCTCAATACCA,0.9942838549613953,1
2442,CCAAGCATACCAAGATGAAGCGGACCGCGTACGGGTTATTGATGCGCAAAATAAACTCGCTGAATTAAAACTCCATTTACA,0.004665067419409752,0
2443,TTGATGATAAAAACGGCAAGTTTGCTTGATATTTTATGCTAAACCTGTATACCTTTAATCTTCAACCTTCGTTTTCTTTTG,0.9999731779098511,1
2444,GATTTATTCTCTGCAGTTTGACCCCTTGGCTTCCAGATTTACCCCATCAACTTCTAAGTTATGGATGGTTTATATCTACAA,0.004829412326216698,0
2445,CTATCTCAAAACAAGATAATTAATATCATATTAAATCATTTCTAATGATAAATAAACTCGCTTTTAATAATAAAAAAATTG,0.9999704360961914,1
2446,GTAGTTCATCCATTTCAAGCGCGTGCTTAAGATCTTCAATAGGTGTGCTACCATCAATCAGCCAAGAATTATTATCACGTT,0.9999704360961914,1
2447,GAACAGCGTTTTACTGCAGATGCTTCACATGAACTACGTTCACCTTTATCAGCCATACAAATGCGTCTTCAGGTGTTGCAA,0.004602947738021612,0
2448,TTGACCCATCAAGCGCAATGCTAGGAATTGATGCACTAGGATATGAAGAAGATCAAAAAGCTTTGTTTATGGAGGCATTAG,0.009332072921097279,0
2449,CTTTTTTGTTTTTAGTGAGCGAAGGTCCATCTCATGGCATGGGTCTGTTAAACTAAGCCTTGGTGTTTTAGCGATATGTGT,0.9999738931655884,1
2450,GGTGCGCGTTGGGGTAATTTTTGCTTGTATCGTTGTGGCTTTAGGTTTATTATACGCCACCCATCAAGGTAAAGGCTTCGT,0.9999737739562988,1
2451,CAAACTTCAAACATTGGGGATAACTTATTTTAAATTCAAAAACTCTCAAAACAACTTATTTCATTTTTAAATTCAAAATTA,0.9999579191207886,1
2452,AATTGGCTCTGGTAATAAACCGGGTGAAGGAGCAAAAGCGACTGGGAACAGTTCTGCAGCAATTGGTAGTGGTGCGCAGGC,0.004489795304834843,0
2453,TCCTGCTTTTTTTTGAGACTCATATCACTTTTTAATAGAAATTCTAGAGCTTGTCGATAACCAACAGAACGCATAGAGGGT,0.9999608993530273,1
2454,CCCATAAAAGCAGATAAACAGTCGAATATTTTATCATAGCTACGGTTATCTTCGAACCTGCTTTAAACGCTAACTCTTATT,0.9999721050262451,1
2455,GCAGAAGCTTTGGAACAAACTGCCATTGAGCTACCTACCATTCCTGTAATACAAAATGTCAACGCGGGAATTGCTACCGAT,0.9997041821479797,1
2456,TGATGAGTTTTTAACACCAGCCATTGCTGGAGAATATGTTGCCTCAATTGCGGTATCGGAAGTGCATGCTGGTTCGGATGT,0.004466918762773275,0
2457,AGGAAAAAAAATTAAGCAATGCTGTGCACAATTCCTATAACTTTATCTTAAAATACGCCCACCGTTTGGCCTGAGGGAAAG,0.9999737739562988,1
2458,CCGTATCCGTATTGGTCTTGCGTCACCAGAAATGATTAAGTCATGGTCTCATGGTGAAGTTAAAAAACCTGAGACAATCAA,0.0044504874385893345,0
2459,CTATAAGCATGTACGGTAATAGGCATTGATTAACCCTCCTGAGCAAACTATGATGCTGTCACGAATTCGTCACAGCGAAAT,0.9999731779098511,1
2460,GTCACGATTAATGCTGACCTAGAAACCTATGCAAGCGCGCAAGCTGTTGTTGCAAAAGCTATTGAACACTATGGTCGGGTC,0.00453615328297019,0
2461,ACAGGACCCTGATATTCCTAACAAAAGAATGATGGATGCATGGCAACAACACACAGAAAATTGGTTAGGAAGCATTGAGTT,0.00445137033239007,0
2462,ACCAGAATAACGCAATTCAATGGCACTATTTTACCGTAACTGAGCTGTTAAGTCTGCCTTTTACTCAGCGTTATGATTTGG,0.9999622106552124,1
2463,CTGCTGGAGGACAAGTCGGATTCCGCTATCCGTACTACCTTACTGGAACAGATAAAAATGGTTACTATATTGGCTTTTACG,0.004542343318462372,0
2464,AAAAGCGGATAGAAGCACAAAAATCTGTAGTTCGTTACGATGCAAGCAATAGCATTGCATATGTCATTATTGGCTTACGTG,0.0048628137446939945,0
2465,AAATAAAAATAATTTTATAATGGGTGTTGCATCAATTTAAAATAAATGTTTATTATAAATATAAATAAGGTTGGAGATATT,0.9999699592590332,1
2466,AGGAATGTTTTCATAAAAAAGTAGTTGCAAATGAAAACACTTCTCATTTATTATTGTGGCACTTTATTGTTCTATCCGATG,0.999974250793457,1
2467,GAAGCACTAGGTGGTGTCGCCGCTGAACAAAATATTGTAAGTAACTTATTGATTGCTGAAAAACTAGCTGAAGGTGATTTT,0.004457773640751839,0
2468,TTGATAAGACAGGATTTTATAAAGTATTAATTCCTGTTTTTCTGGTTGCAGTGATTAGTGTTGCTTTAATTGGCTATTCTG,0.004524856340140104,0
2469,TTGCTAATGGTGATATTGATAGTCCTGAGAAAGCAAAATATGTACTGGACTATACTGGGGCAGATGCAATTATGATTGGGC,0.004541608039289713,0
2470,ACGCCACTGGGGTTATACAAGGCGACAGATTTTAAGTGAAATTTGATCAAACGACAAGTGCTTTATCTTTAACTAAGCAAC,0.9999737739562988,1
2471,AACTTAAAATTTATTTGCAACCCTGAACCAGACCTACCTCAAAATAGATTAAATGATGGTCGTGTTGATCGGCAAGGTCGA,0.004772281739860773,0
2472,TTCAAGAGACTCTATTTGAGCTTGTATATGATCAAGTCGTTTAGTGATTTGGGTCAATGGCACATCTGCTAATTGTCGCAA,0.999974250793457,1
2473,TGTATCAATATTGAATAAATCGAAACTATTAGAGCATATTCATCTACGCTTTAAAATGAATCAAAAGTGATTTTTTATTTT,0.9999755620956421,1
2474,AACCATCACCAGCCCGTAAACAAGTGCCATATTGTGATGAATCAATACCGTGAAGTCAAGCCTTGAGAGCATTTTAAGCGG,0.9999731779098511,1
2475,TCATATAGACATAAAATCTTTAAGTAAATATAGCACAGAGCAAGTTAATTTAGAACATTTTAAAATAAACAAGCAGAGAAA,0.999971866607666,1
2476,GTTGACGTGAATCAGCCAATCAGCTACCTCACGCAAGCTAAATAGTAATATAATAGCTGCAACGCGAAACAGGCAAAGACT,0.9999722242355347,1
2477,TTACGTTTAGTCATTGATGGCACTGACGAAGAACAGGCATTAAATGAAGTACAGGCGTTATTCGCCGCAAAATTTTATGAG,0.004551474936306477,0
2478,TAAAAGAGATTAATAGGTTTTGCTATGGACAATATCGGAATTTGGGTTACCGTTATCATTGTTCTTTTCGTGCTAGGCTCC,0.9999700784683228,1
2479,TTCATTAAAAAGCATAGTGAAATGGATGCAGTACCGATCATTTTTTCATACAATAGTGCCACCCCGATTTAGGTGTTGATC,0.9999752044677734,1
2480,TGTCCAAATAACTGGTTAGCAGCATGGGGACAAGGACGATCACTCGATATCGAAAAGTATATTGCCCATAAAGATAAAGAA,0.004444828722625971,0
2481,GACAAAATATCTAGATGATTTTGCAATGCAACTTGTTGAAGACGTGCGACAATATGAACCGTTCTTGCTTACAGCTCGTAA,0.9999265670776367,1
2482,CTTCACGATAAACCGGATCACCCCCTAAGCTTACCAATTTACGCGCTACAGCAGAACGCGCCATTGGAATCACTTCTACAG,0.9999500513076782,1
2483,GGCACGTGCCTCAACCATGTTCTTACTGGGTACACCGATTGGTGCATTCCTTGGGTTCCCAATTACGGCAGCCGTTCTGGC,0.004449904430657625,0
2484,ATAAGATTGAAAAAAAAATGTTCGTTTTGTACCCTCCTCAAAAAATATATACTACTCAACATGAGATTGAAGAAAAAGTCT,0.9999126195907593,1
2485,AACAAGTCGGTATCTTTGGGCACTCAATGGGTGGTCACGGTGCATTAACTTTAGCGTTTAAATATCCAGAAAAGTTTAAGT,0.0044478136114776134,0
2486,TAATCACTGCCAAAAAACTTTCCGTTTAATATAACAGAGCCGCTATAAAAAAAACTATAGCGGCTCTGTGTTTTCTTTGAT,0.9999748468399048,1
2487,ATCATGAAAGTTGAAGTTGAGACTCCAGAAGACTACATGGGCGATATCATGGGTGACTTAAACCGTCGTCGTGGTATGGTT,0.004517937079071999,0
2488,GGAAAATGGTTTAACTTCAGCACATACATCAAAAGGTTTAACGATTTTATTAAAAGATATTAAAGAACCAAATGATGAAAT,0.004477684386074543,0
2489,ATGCAATGTGTAATTAAATTATGTATTGCGTAATTTTATGAATTCAGTATTATAAGAACCATGAAGTAATTGGTTGTTCTC,0.9999746084213257,1
2490,GCACAAGCTGATATTGGTCTAGCCATGAACTCGGGTACACAAGCTGCAAAAGAAGCCGGCAACATGGTTGATTTAGACTCA,0.004545153584331274,0
2491,AGTAAATGCCCTCTTCTTGAGGGTCGCTCATTATAACGATTGTTTAAGTCTTATGCAATTCTCTTTTTCTATTTTCTGCTC,0.9999703168869019,1
2492,CAATATTCAGCTTAGAAATAAGTTTTTAGTATATTTATAAAGCTTCTTTTTTAAAATAACAGTCACTAAAAATAGTTATAA,0.9999703168869019,1
2493,CGTACAAGGCTTTGAAATTGTAGCTGAAGGTTTAGAAAACCCGGCCATGCGTGAGGTTGTACTCGGTATTAAAGGTGAAGT,0.004456838592886925,0
2494,GCATTTATTAATAATTTAGATAAAGTTCCTTTAGAACCCTTAACCACAGGTGCTATCTCAGTTCCATATGATGCATTGAAT,0.004446901381015778,0
2495,AAATATTGCAATCGCTATTATAGACTTGTGATATGAGTTGTAAATGAGTAAAATACTGACCTTCACTTGTGATCTGGCGCA,0.9999747276306152,1
2496,TATTCCGCATATTTTTCATGCACAAATATTAAGACATAAAAAAAGTGCTCTGCATAGAACACTTTTCAACCTCACGGTCAT,0.9999681711196899,1
2497,TATTGTTGTAATGAAAGCAACCAATTGTATTATACGAGGAAACCTATATTTAATGCATTAGCTAATTTGGTAAAAGATTTG,0.9984140396118164,1
2498,ACTGGCGAATACGACCAGCAAAAAGATATTAAACCAAGTAATAACGCTGTTTCATTTGACCCGTATTGGGCTGCCACATAT,0.004488580394536257,0
2499,TGGTGATGTTGCTGATAGTATCTATCGTCAAGCGATTACTTCGGCGGGTTCAGGCTGTATGGCTGCACTAGATGCCGAAAA,0.004455459304153919,0
2500,AATTTTACGCACTGAAACAACGGACTATATGCAACAATTACCATGGCCTGGTAATGTTCGTCAGCTTGAAAATACCTGCCG,0.005122428759932518,0
2501,TATTTCTGTTAAAGCAGCCATATTTCCTAAAGTATCCATTTTATAAGCAGCATACAAGGTTAAAAGTCTAGCTTGATCTAT,0.9999704360961914,1
2502,GTGACCGTGGTAAGCGTCCACTCATGACTCAAGCAGCTTTGGATGGCGCAAATCCTGTTATTCTGACTTCAGATAATCCAA,0.004545544274151325,0
2503,TCTTTTTGGTATGAAGATTCCGCCCAATTATGGCACGGCTTATAGCAAAGCATTCGAAAATAGCTACAAAACTGTAAGTCA,0.004501090385019779,0
2504,ACTTCTTCCATGGATCGACGCTTATCAATCGCGAAAGCTTCTTTACTGGCAGGAACACGTTGGGCTACTGCAAGTGCCTCT,0.00455517927184701,0
2505,TCAGCTTTTATACACTAAAAAACCGATTTTTGATGTGTTAAAAGCAGGAGATGTTCTACTTCATCATCCATTTGATTCTTT,0.004607292823493481,0
2506,TAACAACAACTGTAAAGAATCATGCACCTTTTTTGTAAGAACAGGTGCATAATATAAAGTTCAATCGTTGAAGATCTGAAA,0.9999743700027466,1
2507,GCCCTGTCGATGAATAAGCGAGATTTGCGCTCAACCTCAAGACAAGGTAAATTGCAAAACGAATTAGGATTATGTCAGGTA,0.9998145699501038,1
2508,GAGCAGCTTGCGCAGCAATTTGGCACACCGTTATATGTTTATTCAAAAGCAGCTTTTGAAAAACATTATTTAGATATGGAT,0.004469709936529398,0
2509,TCAGAAAGAGAATTTCACTATTTAATTGAAACTCAATAATTCTTTGCTAAACTAAAAGATTAGAAACTGCATAAAATTTTA,0.9999738931655884,1
2510,TGGGTGAAGCTGCATATGGTTCAGCGACTCCTGCTGGCATTATGACGATTCTTAAAGAAAACAATATCGAAATTGCTGGCA,0.004489573650062084,0
2511,CCATTAGGGTTTATAATTGAAGAAGCCGAGTCAGGCATTGACTGTTTAAGACGAGTACCTATTTTCCAACCTAATCTGATT,0.004921870306134224,0
2512,CGGGGCTTATTTTTAAAAAACGCTAAATTGTAACGGAAAAACCCCACCGAACCAACGATTTTAGAGGGAATATCTTACAAA,0.9999737739562988,1
2513,CAAGAAGATAAAACGATTCAAAGGATTGTTCAAAGTTGGCCGGTTCAAGTGAAAGCTGAATATGCCGAATCTTTAGGTTTC,0.004446179606020451,0
2514,GTATGACCGCAACACCAATTGCTATGCGGCATTCACACCATGAACTTGGGTCAATTACGACAGTCATTCAACTACATGTAC,0.004460458178073168,0
2515,TAGCGATAAGAGTAGCTGCCATTGTTTTCATAATTGCTTTTTTACGTTAAAGTACGTCGCAATCAATGAAATTACCTTTTG,0.9999619722366333,1
2516,CGCCGTGAAACCATTGCTGCTGAAGATATTTTACAAGACTTAGGCGCAATTGCCATGATGTCATCTGATTCTCAGGCAATG,0.8060951232910156,1
2517,GTTTATATAGAGCGAGAAAGTCAGAAATTGCTTGGTGCAGAGTTATTTACCGAAGCTACAGAACATATGGCTCATCTATTA,0.00445709889754653,0
2518,GGCACTCGACCCAGAAATGGTAGGCGAGGTTCTTGAAGTGATGGTGCAACTTGCTCATGAAGGTATGACCATGATGTGTGT,0.004502194933593273,0
2519,TTTCAAAATTTAACAATTTGATTTTTGCTGTCTTAACAAAAAAACGCGTATGCTCATGTATAAACCATACATAAGAGTTAC,0.9999703168869019,1
2520,CCACGTACAGATACCGTAGAAAAAACTTGGGATTTGGTTGGTGCAATTTGTGAGACAGGTGATTTCATTGGTAAAGACCGC,0.0044714584946632385,0
2521,TTTAGAAATATCAACAGAAACTTCAAGTTTACCGCGAAGTTTACCATTTACTTGTACAACAATCGTTTGAGTATTGCGGGT,0.9999405145645142,1
2522,TGCTTTTGCGATAGTTGTAGATATGATGCCCACAAGAGCTTAGAAAAAGAGTAAACTTAGTTTTTCTTTTTCGCCTTGTGG,0.9999737739562988,1
2523,ATATTTACATGGTTCACCTTATGCAATCGCACCGAGCCAACAAACACATGTACCAATGATTATGTGGTTCTCTGAAAGTTG,0.0055329944007098675,0
2524,CAAGGTAGACATGAATTTAATGTGCCAATAATACATGATAATTTCGACAATTTTATTCTAGATGTTGTTTTTATGTGCATC,0.9999561309814453,1
2525,CTGAACTCGTCAATTTGTCTCCAACAGCAGTTATGGCACGAGTGCAGAAGCTCACCAAAGATGAATTCATCTTAGGTTATG,0.00448254169896245,0
2526,CTCTACTAATCTGGATTATTCCACTTATTGCGCTGCTGATTGCGCTTTCTTTGGCGGTGAAAGCATTACTTTCTAATGGAC,0.008248805068433285,0
2527,CCTAGAGCAGTTTGAGAACCTGAGTAAATTGTATTCACCCATGCTGTACCATTCCAGCTTTGGATCACATAACTTACTGTC,0.999954104423523,1
2528,CGGTTATGCGGGCCACTTCAAACAAATTCATACGCGCTATGGCGCGCCGCGTGTGGCCTTACTTCCAATCGGAGCTTATGA,0.004490967839956284,0
2529,ATACAAAAACCAACAAAAACACTTGGCTTTTTACATGAAAAATCATGATATAAATCACGCTTCGAAATTTGCCTAATAACT,0.9999744892120361,1
2530,CGTGTAAATCCATATGGTTTGCATTTGGGTAATCGCTTACCTGCTCATGCAACTTCAGCGGGTAAAATTTTACTGGCACAT,0.004462063312530518,0
2531,TCCTGTTATTGAAGATGCGATGTATGCCGAATTACAACTCATCGAACCTCTACTACCCAACATTAAGGCATTTGACCAAAA,0.00447575468569994,0
2532,AATAAAAATAATTTTATAATGGGTGTTGCATCAATTTAAAATAAATGTTTATTATAAATATAAATAAGGTTGGAGATATTA,0.9999752044677734,1
2533,CTAGGTTACAAAACTTCAAGTAATTATGACAAGTCTGGAACCTATGTTGCTCAAGGCAGCAACATGTATGTCCATACACGT,0.00453409506008029,0
2534,CTATACCGATTTTCGAGATGGAGACGGAACTGCCGATGATATTCAAATTATTTTGCTAGATGTCAAAAGTGGAGGGGCACG,0.004504696000367403,0
2535,ATTACAGTAAAACTGAAAAGCGCAACAAATTTTACAAATTCACTTGTTAGACTAAAGATCAAGTCTGAGCTGTGAAATTAA,0.99996018409729,1
2536,TGATTTATTGGTACTCAACGATACCAAAGTCATGAAAGCTCGACTTAAAGGGAAACGTGCTACAGGTGGTGCTATTGAAAT,0.004444277845323086,0
2537,ACTGGTGCGGGTGGTTCAGCACCTAAACACGTACAACAACTTGTGGAAGAAAACCACTTACGTTGGGATTCGCTTGGTGAG,0.004448362626135349,0
2538,TTTAGGTCGAAAAATTACACTTGCCGCATTTATCGGTTTTTGTGCGTTGTCGGCATATTTCTTTGGACAAGCCGACAGTGT,0.004480195697396994,0
2539,TACATATTGTACGATGCAAAGTAGCTTATTTTTGCATCTTTTTATGTAGTCTTTAAAGCAAAATTTTGCAGCAGAAACCAA,0.9999738931655884,1
2540,TACACATTAATTTGTTAAATAATGAGACGTAATGGATACACATAGGCTACATTTAAAGGTACCAGCGTAAAATAAAGGTAT,0.9999744892120361,1
2541,TGAAGTTGGTCGCGGAACCAGTACCTATGATGGTCTTTCTTTAGCGTGGGCTTGTGTGGTTGATTTAACTAAACGCGTTAA,0.004463029094040394,0
2542,ATTAACAGATTTTGTTGAGGCTGCACGTCCATATTTACATGAGCAGAGTATAATTGCCGCGATGAAAGGACTGATTCCAGT,0.9998592138290405,1
2543,TACATTTATCCAAAGCGAATATTATACGTTTAGGGATTGAACATGGCGTAGACTATAGTCAAACGGTATCTTGCTACCAAG,0.0065114377066493034,0
2544,TTTTTCATTATGTTTTGGATTATAGAAAATCATACTGTACAAAAAATAGGATAAACAAGTTGTTCTTTATTAAGGAGCTTC,0.999974250793457,1
2545,CACCGCGAAGGTTTATTAGATATTGCAAAACGTGCGGGTTACCAAGTGACTTGGATTGATAATAACTCGGGTTGTAAAGGT,0.004484014585614204,0
2546,TTTTTAAAAGCCGTTTTAGCTCATTTGCTACTTCTACATTAATAATTTTATCCTGTTTACCCCATAAAATGAGTGTAGGAG,0.9999697208404541,1
2547,TACTGCTACAATGGTTTCAGCAGGCACACCATACACTTGAGAAGCACGATTTAAAACATCACGGTGTTGTACAAGTTTTTG,0.9999738931655884,1
2548,TACACTTGAATGGGCTACTTCTTCCCCTGCTCCATTCTATAACTTTGCTCATGAACCAGATGCAAGCGGTATTGACCGTTT,0.004551920108497143,0
2549,CAATTTATTTGAGTAGAAATATGCATTGACACTTTTTGAGATCTACACAATACTAATTTTTAATTATTGCGATACATATCT,0.999970555305481,1
2550,CTTGAAATTTTGTCATTTTTTAACATTGCTAATTCGTCGCAAAATTTACAATATATAAGCCGAATTTGGTGTACCCTTTCT,0.9999690055847168,1
2551,TCACCCTCATCATTTGCATATTTAAGCAAGTTTAAAGGAATAATTTCATTCGCTAAATACTTAAATGTGATGGTAGTATTT,0.9999738931655884,1
2552,CAGTCAGATGCTAAAAATAGCTTGTATAGTGTACGGCATCAACGCCACTTTGCGGAAAAATTCTTTGTCCTTTTTGTCTCT,0.9999736547470093,1
2553,CATAAATGTATCAAGTCTTGACTTTGTTATTATAAGAATATTTTGTGGTTAAATAACACTTCGTCTCTCTCATCCGATCAG,0.999974250793457,1
2554,GGTTCTCTGTACAAGATGAACATGCACAGCTATGTGCCACCTTGTTGCCTGATTTAAACAATAAAACGGTTATTGATGCTT,0.5204886198043823,1
2555,TTACAGTCCAGTTACTTGGACAAGATTGACGGTGAATGATTTTGCTCTAGACTGAAAGTTGTAACAAAACATTTATAAAAT,0.9999740123748779,1
2556,CAATCTTCTGTTTTACGTAATTGGCTTACTATATCAAAACTCTTTGCTCACAATAAAAGGTAAAAAATATTTTTTAAAGGG,0.9999734163284302,1
2557,TTCCCCATCTGCGTTGATAGTGCGCTTAGTTTACCTGATCACATGAGAAAGTTCGCTAAAAATATCAAATTGACCAAACTT,0.9996053576469421,1
2558,CCATCGTCATCCGAGAGAAAAGTCTTGATCTAAATTTTGAAGTATGGCTATTCTACTCATTCATTATGACGAAATAATGAA,0.9999741315841675,1
2559,AGAACTTCGTCACAAGTTTGCTTCATCACTTTAGCACGTGGATCGAAGTTTTTGTAAACGCGGTGACCGAAGCCCATAAGT,0.9998262524604797,1
2560,ACCAATGACACACCTTGTGACAACAATCATGAAACACATAAAGATACTGTAAATCAAGAATTTTATTCTACTGAATCACCT,0.004585824441164732,0
2561,AACTTAGAGCCAGGGTCAAATTTATGGATTGCTCGTCAGGCTTATTTGAAGTTAACAGAAGATGCTTTACGTGAAAATAAG,0.0044884760864079,0
2562,TGAATCTGTGGCAGTGAAAAACCGTGCATGATAGCACAATTTGCTTGAAATGTTTGGGCTTTGATCGGTGACCGTTAAATA,0.9999723434448242,1
2563,CAGTGAAAAATGAGCACAATATCCATTGTTTTCATTAAAAATAGCTTCTAAAGTATCTACTTACCGAAGACGATTTTTGTA,0.9999746084213257,1
2564,CTATTGCAGCGACTATTTTTGGTGGTTGTATGACTCTTGCAGTAGTAACCTTCTGTTGGCTAAAAACCAATGATCTTTTTA,0.004511111415922642,0
2565,TATCGAGCTGGACCGGCTATCAACAAATTTAGCTTCTCGACTAGCTGAAAAAGGTTTGGGCAAGGGTGATACTGCTTTAGT,0.0044490257278084755,0
2566,TGCATAAATGCATCAATTTATTTGTTTCTTCTAAGCACAAGTTTAGGCAAAATACGCGCTGCTTACGTTCGATCAAAGGAA,0.9999703168869019,1
2567,GCTAAAGACGGGATTCGAGTCAATGCTGTTGCGACTGGTGGAACCGAAGCGCCACCTCGCAAAGTACCACGTAACACCAAT,0.004464626777917147,0
2568,CTGTTCGTAAGTTTAGCCAAACTGGCATGGCATCGTGGTATGGTCGTCAATTTCATGGCCGTAAAACTGCAAGTGGTGAAA,0.004449241328984499,0
2569,TGCTCAAAAGAATTCGGCATTAGAAGCTGGAGCAAAGGTGATTGATACCAACTCACAAGAATCAGGTGAAGCACGACGTGC,0.004493377171456814,0
2570,ATGATGGCGCTTTATGGTGAACATTTTTTACCTGAAGAAATTACTCAAGCTTTAAATACCTTAAATAACCAAACTGTTGCT,0.004521985538303852,0
2571,CGGCAGATTTATTACTGAAAAAAGCTGAAAGACTTCTGGAATTAGGTGTATCCAAACTGGCTCTTTTCCCTGTAACACCTC,0.004489322192966938,0
2572,ATAGTAAACAAAAATGTCAAGATCAATAATATATACCAATCACATATTTTCTGCGTAAAAATAACGAGATTTTCTGTATAC,0.9999709129333496,1
2573,TTCTTGTACGGCATTTCAAGAGGTTGAGATTTAACCATAAAAGAAATTTTTTGCTCTGTTATCTTTGTGATGTATTTTATG,0.9999735355377197,1
2574,TTGTAACTTCTTTTTTAAAACCGCTATACGTTAGCATATTTAGTCATTGATCAAAAATAAAAAAAGGCAGTGTTTATACAC,0.9999743700027466,1
2575,TTTGTATGAACAAATGTTAGAACCTAAATGGGTTATTTCAATGGGTGCTTGTGCAAACTCTGGAGGTATGTACGACATCTA,0.004481546115130186,0
2576,TGATTTACCTGCTTTAGATAAAGTTCACCCTTATAAAACAGCCTTAAGTATTAGTTTACTCAACCCTAAAGCGATTTTATT,0.004493744112551212,0
2577,TGAACAGTACGGCACCAATGTACGTACGATGACTTTACCGGGATTGGTACTGCGTGACGTCAACAATGTCACTTTAAAAGG,0.004445295315235853,0
2578,AAGGATGGGTAACGAGCAAGGAGTGTTGCAAACGGTAAGTTTTTAAGCAAAACTGCAATCTGATGAGACATGGTCTAGAAC,0.9999462366104126,1
2579,ATTTACGATTTTGACTATTTGTCTCATCTAAACTTCATCAAAAGTGTTTACACTCAAAGCACTTACATAGTTCAAGTATTT,0.9999641180038452,1
2580,CCGAGGTTTCAAATCAAGGAGGCCTTGGATCATTAGGCTTAGGAGCAAACACACCACAAAGTGCACGTGAACAAATTTTAA,0.004838178865611553,0
2581,AATTTGCAATGGTTCACCAGAGGCATCATTTAACCCTAAACGGCTAAATGGCGGGTATGGAGAATGTACTGCTTTTTGTAA,0.9999558925628662,1
2582,TTATCACGTTTTCCTTCGGTTAGACGTGATATTGCGCTTTTAATCTCTGATAATATAAATGTTAGAGATATTCAGCAGTTA,0.9999637603759766,1
2583,AAAAATGCCAAGGCGGAATATGTGGAAAGTTTAACAAAAAGGCAGATATAAAAAAAATGCAAAAAAAAACGACTTCATAAA,0.9999738931655884,1
2584,ACGCACATGAATTTACCTCAGAAGAGGCTCGTGAAGCTGGTGCTTTAAGTCATAAAAACGATGATCGTAATGGTCGTGGTC,0.004497291054576635,0
2585,CTGTTGTTGATGCACAGACACGTCGTATTAGTAATCAGGCAATTCATCAAGGAATTGTGAGATTAAATGGTTCGGTGTTAA,0.006365566980093718,0
2586,ATAATATAAAAACAGGATAAGGTGGGCATTTTAACAATTATGGCAGCTTATTCAACACCAAGTTGCTTTGATAAAGCTTAA,0.9999731779098511,1
2587,TTCTCTCATTCGTATTTATAAGGTGGAAGATTTTAACTGATGCAGGAAGATAAGCAAAGATTAATAATCTTTGACTAAATA,0.9999740123748779,1
2588,CTTTTTAAACAAGCTTACTGAAAATTAGCAAGAATAACCAAGCTCCTTTATACTAGGCGCGAGCCCTCTCATTTAAAAAGT,0.9999744892120361,1
2589,TATCTAGCAAGCCGTGATTCGGCGGACAGTATATAGTAACGTAAATATGCTAACAATCATTGATCTGGACTAATTTCATCA,0.9999723434448242,1
2590,GAAGCTCTCTGCTTGGCATTCTATGGCAAGCGTCGCAATCTGGTCCGCAATTATTTATTTGCCGATTTATTTGTTGTTCTT,0.006806287448853254,0
2591,AAATGTAATTGCACAGTTTAACAATTGCAAATTTGCGATAAAAAAATTAATGTGTTGCTCATAAATAACTTTGAGAATTGT,0.999969482421875,1
2592,ACCAAATTATTCTGGTGGATTGTTTAACACTTTGGCTAACCAATTTGTTACTTTTAGAAGATCAAAACATTCAACAATTTG,0.999936580657959,1
2593,TTACTCATTCGTGATATGGCGAAAAGTTTCGCCCAAGAACAAATCAAGCCTAATGCCAGTGATTGGGATCGAGATGGAACT,0.004474571906030178,0
2594,CCTGCTGCTCCTACAGCTACGCTTGCTGATGATACTGTGACAGTGACTGGCAAAACTGAAGCAAATGCGAAAATCTACATT,0.004758261144161224,0
2595,CGTAAAATATCGAAATGAACTGATTCCTTTATTGTCGGAACACTTTTTGCAGAAAACTGCTAAAGAGTGGGTCGAGAGGAT,0.999841570854187,1
2596,CTCCTGCCCACTTCTTTGCTGAGCATATGAGTGATAAGGAACACAAGCAGACTCCTGCAATGGCACTTGGTACTGCGGTTC,0.004460313823074102,0
2597,TGAGCAGGCAAAACTACAATTGACGCGTGAGCCATTACCACTTTGCCAATTAAAACTTAATCCGGATGTTAAAGATATTTT,0.004497213754802942,0
2598,AATATTATTACTGGTTTATCCATTGGAATGGGTACTTGCTGGTTCTGTTTAGTGACTGCCGAAATGATTTCGGGGCAACAT,0.004442928358912468,0
2599,ACTTCAAACCCCTTTCATAGAGGGCGACATTCTACGTGATTTTCACCCTGAAAGAAAGATTAAATTTTGAGTTATCCGCAG,0.9999741315841675,1
2600,TCTTTACGCTTCACGCTGACCACGAACAAAACGCGTCTACTTCTACAGTTCGTCTTGCTGGTTCTACTGGTGCGAATCCAT,0.004464052617549896,0
2601,CTGTGACAAAATTCCCAAATCTACTACCACGTCAAAAAAAGGAATGGGTACAATTGCTGCACCAGCAGAGACGTAAGCTCT,0.005565803963690996,0
2602,TCCTCCTTTGTTCTTTTTCCTCTTATACTTTCGCATAAAAAAAGGGAATGATTGACATCATCCCTTCGATAATAGTTTATT,0.9999743700027466,1
2603,AGATCAATTAAGGAAAAAATATACTTGAACATCTTGTCCCGATGTATAGACTCAGCAACCCACGATATACGGTTCGTTTTC,0.9998039603233337,1
2604,AATTCCAAGCTGGCGGTAAAAAAGGTGACGACGAGTAATCTTTCGATTACTATAAGCCCTAACTAATTCTTAGTTAAAAAC,0.9999669790267944,1
2605,CTAGTCTGAGTGACAACTATTGTAAGAATCATAATCGAATTTCAATATAATTGCCTTGGAAGTTTAACTTGATTGCGCCTA,0.9999737739562988,1
2606,TTTTATGACGCAAGCATGGCTACCATTAAATCCAAATCATGCACCAAATATGAGTTGGGATTTAGCGCTACACACTGTTAT,0.004503524396568537,0
2607,TACACCCCGCCCTGAAGCGATGGGTTTTATTATAGCGCGCTTGGCAAAATTGGCTAGATGCTTTTGTAGAATGCTAAGTCT,0.9999741315841675,1
2608,AACTGTTGATTCAGAGATAAAGCTAGCGTCTGGCAACATAAATACGCTATATATGGCAACATGTTCAAGCAATGAACTGAA,0.9999740123748779,1
2609,TAAACTTTCATGTGGATGCAAGGTGGCAACTTTAAACTAAATGTGATGATTTGAACAAGTCAATCGCTTATTATAACGCAC,0.9999740123748779,1
2610,CGGGAGAGGAAGTATGTTTGTGTTGCGTATATTAGCGCTTTTGCAAAACTTGTCAAACCCTAAGTGAATATTATCGTTCAC,0.9999736547470093,1
2611,CGGGTTAATGAACCTTTTACGCCCATTAGAAGAAGAAGGCATTTTGGTGTATCGCTCACGTGAGCGTTTAGAACAAGAAAT,0.00448728958144784,0
2612,GCAAAAATAAGCTATTTTTAGCGCTCGATTTTTTCAGGCTTTTCTAATAAGCTGTCAATTCTGATATTTCATATAAAGCGT,0.9999754428863525,1
2613,ATAGGGCTGAATGATTAAGCTAGGACACATGCTAAGCCGAGCTTGGGATTACATCAATTAACTTAACAATCTATTACGCCT,0.9999622106552124,1
2614,TTAATCAAAAAGAGTTTCTTGAACTCGCTTTAAATGATGACTTTTTAAAAGGGCTCTTACTTGATGAAGAAGGCAATATAA,0.006531339138746262,0
2615,CCGTGTGCTGGTAGAGCGTGTTGAAGGATTTGCTTCACCTATCGAATGGCAAAGGGCATATGATGAAATCAATCGCTTTGA,0.004495732951909304,0
2616,CAAATGTTCGTGAACAAAGCCTATCAAAAATCTGGTATGAGTCTACCGGTTTTAACCACTTCCGTGGTGATGCATGGATGC,0.004501972813159227,0
2617,AGAAAAATAACAACGAATTCGGTGCTATGTTTGATATGTGAAAAGTGTTATTTTTGAGCGATCAATAATAATAGGAGCCGG,0.9999752044677734,1
2618,ACTCAAGTCTTACAAGAAATTTGCCCTACTTTTGTTGGTGCAAATAAAAAACTTGAAACCAATACCCAAAAGATTATTGCA,0.0044502634555101395,0
2619,TTGGTGCAACGATGTTGTTGCGATTTAATTTGCAACAGCAATGGCAGCAGTCAGATACGATCGGTGGTGGGCATTTAGAGT,0.004531263839453459,0
2620,CAGTTGCTTATTTAGAGCAGTTGTTCGCAAAACTTAAGCGTCATGGGTTAGTTTCTAGTGTTCGCGGTGCAAATGGTGGTT,0.004635364282876253,0
2621,TTTGCGGAAAAGCCAAAGTCGATTGTTTGTATTTTGATATTTCGCGTTTTATAATTCAGTGTCGTTTATAGGTTAGGCATG,0.9999736547470093,1
2622,AGCTCATATCAGTACCCCCCAAAGTGGCAAAATTGAAAGTCGCGAATTGTTACAACAGCGTTTTCAAGACTTGCAACAACA,0.004457494243979454,0
2623,AATATTGCAATCGCTATTATAGACTTGTGATATGAGTTGTAAATGAGTAAAATACTGACCTTCACTTGTGATCTGGCGCAA,0.9999748468399048,1
2624,TTAAATTTAGTTTACGGTGAACTCTTGAATCTTGAGCCTGACGTGGCGTAATGTAGAGGTATTCTAAAGTCTACTGAAAGG,0.9999737739562988,1
2625,GCAGTGATCAGATGCTTCCTGCCATTGAATTGACCATCATAAATGATCAACAATGGCAACTTAGTGTTTCTGGTGATGCCA,0.9999567270278931,1
2626,TTTTTCTCATTAGGTTTCCGGACGGGTTTAGTTGTCGCTTTTTCCATTCCTTTAGTTTTAGCAATGACTTTTGCTGGCATG,0.004556572530418634,0
2627,GTAGGGTTGGCAGCCGGTCTTGATAAAAATGGTGCTCATATTGATGCATTAGCTGGGTTGGGTTTCGGTTTCATTGAAATT,0.004453535191714764,0
2628,TGGTCGTACCGATTTAAATCTATTAACCCCACGTGCTTTTCGTGCAGTTACGCCGATCGATTTTCATAATACCAGTAATCA,0.004616324324160814,0
2629,AAGCATGAGAGAAAAAGATGAGGCCAATATTATAGCTGTTTTTTCACTCACCCCAAAGCCCAAGTTTATGTGGAAAAAGCA,0.9999408721923828,1
2630,GATGCATTGTTACGTCATCAAGGTTGGACGAACGATAACAAAACCGCTTAAACTATGGGCCTAAATTGATCGTGTGGTTAG,0.9999581575393677,1
2631,TACTTACATCAAACGTACTTTAAGTGCAATCGCTGGTGGTGATTATGCTGTTGCTACAGAAGCTTACAAAAAAGCTGTTCC,0.004503780975937843,0
2632,TCCTTATAACCTTTACTCTGACACAGGACGTGCTACGGCTATTGGAGTTGCAACAACTGCTTATAGTGGAACAGGCACGGG,0.004456127993762493,0
2633,GCCAAGATATCTAGGTAAGAATGTAATACAGGAAGTTCCTTTATCTGGTTACAACTTACTTGAATTTAAGATAGATAAAAA,0.004542507231235504,0
2634,ATTGTTAAATTTCATATATTTACATACTAGACAATTTTTAAACATCTATTAAGATAAGGCAATATTTAGGAGTTCATCAGG,0.9999701976776123,1
2635,GGTGGTGCTGGAGCACCATTTGGTCGGGTAATGACTGGACAGCCGATTTCAAATGACTCACAAGATTATCGCCTCTATCTG,0.0044751218520104885,0
2636,CGATGCTATGTTGTGGATTTAAGCATGTTTTTTTTGTGAATTATCAACCATAATGTTTTCTGAGCTTGTTTGAGACAGAGT,0.9999740123748779,1
2637,TTGGCAAAAAATGCATTACACTAGTTGAACAAAAATTAACGTAGCTGTAATTTAGTAATTGCTAAGCAAAACTACTCAAGG,0.9999746084213257,1
2638,ACTCATTTCTTTTAATCATCTGTGCAATATCGACAGCCAACTCACCAAAGTAAAACTAAATACTGAAGCCTTTGCAAAAGG,0.004497248213738203,0
2639,ACGTCATGATTTATATGTCAACGGAAGAGCGATTCAACGCCAGCAACTTCCACAAGATTTAAATGGAACAGCATTGTATCT,0.004486320540308952,0
2640,TCATCTCAACACGCTCAGTGTGAGTGCAGTTTTAAATGAAAAATCATGTTTTTAACAAGAAATACGGATACCCCATTATGG,0.9999330043792725,1
2641,TCTACCAGTTTGAACATGCCGATGGCGTGGTCGGACGCATCAATAACAAAGAAGGCGATGGCTCCAAATCGGAAAAACTGG,0.00443976791575551,0
2642,CTTTAGTGTCGTGCCACCGGGTACTGGTATTTGCCATCAGGTCAATTTAGAGTATTTGGCTCAAGCAGTGTGGTTAGGTGA,0.004714073613286018,0
2643,AGAAGCTTTGGAACAAACTGCCATTGAGCTACCTACCATTCCTGTAATACAAAATGTCAACGCGGGAATTGCTACCGATGT,0.00522451288998127,0
2644,GACGAGTTAGGTGGAATTAAAGAAATTTTACCTCGTACACGTAATGATGCTCATAAGCTTATTGAAGAGTGTATGTTGCTT,0.004457323346287012,0
2645,TTCGAAACGCCTAAAATTTGAGGGCAAATTATACAGAAAAACACTACTCTTGAGTAGTGACAGTTTATTGACATTGACAAA,0.9856494069099426,1
2646,CTATTTTCTGCACAACAGGTGGAGAATATCTCCAAAAGTTAAAACAGCCTCATTTAAGTGTGGCTTATATGCCGAATGTTG,0.0044840550981462,0
2647,TAAACTAGAACAAAATATTCATCCTCGCTGGTCTAAGAATACATACTTAACTGTTTTTCACAAAATACAAGAATATATTAA,0.9999219179153442,1
2648,AATTATTGGCGAATCTCCTGCTATGCAAGAGGTTTTCCGAGCGATTGGTCGTTTATCTCAGTCGCATATTACCGTTTTAAT,0.004498208872973919,0
2649,TAAAAATTCGTGCCGGAGAAAAAATTGCGATTTTGGGTCGTAATGGTGCTGGTAAGTCGACATTACTTCAGCTTTTATCCG,0.004461364354938269,0
2650,GGTTATCGGTCTTTCTGCAAAAAATGCGATCTTGATTGTTGAATTCGCAAAAGAATTGCAGGAAAAAGGTGAAGATCTACT,0.004678692668676376,0
2651,AACAAATGATTATAGGGATTAATTATTGTTTAGGATTAAATGGACATGAACAAGACATTAATGAGGGGCGAGCATGGTTGT,0.979403555393219,1
2652,GCAAGGCGTAACTTTTGCTAGATCCTGACACGTTTTAGATTTACGTGGTACAGTAAAAGTTGGACATGATGTTCGTATTGA,0.9998650550842285,1
2653,CGTACTTCAGCATATCAAATTTCTGAAGTTCGTCCTCAGACAAGTGGCGTGATTTTAAAACGCTTATTTGCTGAAGGAAGC,0.008525720797479153,0
2654,TTATCTAGCAAGCCGTGATTCGGCGGACAGTATATAGTAACGTAAATATGCTAACAATCATTGATCTGGACTAATTTCATC,0.9999738931655884,1
2655,TCACGTTTTCCTTCGGTTAGACGTGATATTGCGCTTTTAATCTCTGATAATATAAATGTTAGAGATATTCAGCAGTTAATC,0.9999568462371826,1
2656,CCGCCCCACAAAAATCTTGAGGGGCGGATATTAACCCAATTCGCCTACTGAAATCAACAGGTCTTGATTAGATTAACCTTG,0.9999696016311646,1
2657,GCCAAGCACGTTCGGTAGCTTAGTTGTAGCAGTTGTTGCCTTAATTCTATTAATTAGTTTAATCACAGGTGTGATTACGCA,0.004709398373961449,0
2658,TTTTAACTGCTATTCTTGAGTAGTGCAATAATATTCGTGTTCAAAAAATAAAAAGATATACAAAAGCAGTTTTACTATCTA,0.9999744892120361,1
2659,ATGATTTAGGCCCCTTGTCTTGAACCCATTATACTGTTTGCTTGTGTAAATGCACCATATTCACACATTTTCAAATTATGG,0.999969482421875,1
2660,TTATTTTGCAGTTTTTCAGCTTCCTATTTTGCCCGAACTTTTATTTAAGAAAATGCCTAAATTAGGCCGTAACTTTCTTAA,0.9999696016311646,1
2661,TAAGAAAGTTATTCCTATATAGAGTTGATGGTAACGATCATTACCATCATGCTTTTGTACATGGTAATGTCAATAACCATG,0.9997268319129944,1
2662,TGGAAATGGGTGCAGACGATTATGTCGCGAAACCAGTTCAACCACGTGTATTATTAGCGCGTATTCGTGCTTTGTTACGCC,0.004573102109134197,0
2663,TGACACAATATACGGCTCAATCGCTTGAAGTTCTTTCCGGTTTAGACCCTGTTCGTCGTCGTCCGGGGATGTATACCGATA,0.9695209264755249,1
2664,ATTGTTCAGGGCCTAGGATTTCCATCAATTGTATAAGTAATCTATAAAAAAGATATATTTTTGTTCATTTTATTTTATATA,0.9999740123748779,1
2665,CACAGAAAATTGCAAAAACAGTACAGCAAGACTTTTCAAAATTCCATTATGATCTGCAATGGATCGAAAATGCATTTACTT,0.9997829794883728,1
2666,CGTGGTACTGATTGGTTTATGGATTCGAAAAAATGTAGACGATGCCGAAGTGTTTAAAGAAGCACAGGCCAAACAACAGCT,0.004463594872504473,0
2667,AAAACAAGCTGACCAAAAAGAATTTACTGCTGAAAAACAGGCCGATGCTCAAGCACGCGTAGATGCTGTTAAAGCTCGTGT,0.004575232043862343,0
2668,ATTACAACCGATTAAAAAATAAAGTTTGCTTTATAAAATATATAAGCGTATAAAGCTTACTTCCAATTGCGGGGTGGAGCA,0.9999747276306152,1
2669,ATTCGAAACGCCTAAAATTTGAGGGCAAATTATACAGAAAAACACTACTCTTGAGTAGTGACAGTTTATTGACATTGACAA,0.9999645948410034,1
2670,AGGTGCTACTGGCGGTATTATTAATATTATTACTAAAAGAGCAGATACATCTAAACCACTTAGCTTTGAAACAAAAGTAGG,0.004492029547691345,0
2671,GTAATATCGCAATTATTGCGCACGTCGACCACGGGAAAACCACACTTGTCGATAAACTACTTCAGCAATCAGGTGCTCTCG,0.004489072598516941,0
2672,TTGTTTATGCCTGTAATGCACAGCAATAGTGTAATTTTTAATAACGCCTGCATCCATTAACTGAGCAATTCGAGCTCCCAC,0.9999740123748779,1
2673,GTTTGAAAAAGCCGACTTCCCCCATAGAAGTCGGCTTTGCTTTATCCTAAAATGCTAGGCTCTTCTGCTTCATACAAGATA,0.9999737739562988,1
2674,TTAACATGGGGCCTCATCACCATGGCCATGGCGCTTATTCAAGGCCCTAAAAGTTTTTATCTCTTACGGTTTTTACTCGGT,0.004448771942406893,0
2675,TAAATTTTTTAATAGAAAATAAATAGACTTTTTAAGGTTCCATGCGTATAATGCGCTGTTAAGTTACAAGCGAGCAGACCA,0.9999704360961914,1
2676,CATGCAAATGACATTAAATTATTGCCTTGTCTATCTTGCATGCTTTACTACAATGGCATCGAAGACCTAGGGTTTGTGGGC,0.9999637603759766,1
2677,ATTTAACAAAAACTGTTGGCCTAGGACATGAAATCTGGGACCACATTCGTCAAACTGATTATCTAAAACAGCAAGTACATG,0.004595474805682898,0
2678,AACTCCTCTAAAACATCGTCATCAATCGCTGAGGTGGGGGATTCGGTTCTATCGGTTTTCCGTGAATGCATAGCTGACAGC,0.004721809644252062,0
2679,CAGCTAACGGCACCACAGCAGCGCCGTTAGGTTCTTTATCCCCAACAGCAACAGACGGTACAGAGTTACCGAACGCATCTT,0.004466057755053043,0
2680,TCGATGGATTTTTCCATCGGGTCGTCATCATATAGATTTTTCCTGCAAGATGATAGTCATTCTGTCCCGTAAATATTTTCA,0.9999738931655884,1
2681,ATAGTGAAACTGGAAAATGAAGCTGGATTTGTACGTATTATTGCAGGGCAGTTTAAGCATGTTATAGGCCCTGCACTCACT,0.9989224672317505,1
2682,GAAGACTACATGGGCGATATCATGGGTGACTTAAACCGTCGTCGTGGTATGGTTCAAGGTATGGACGATCTTCCTGGTGGA,0.004543977789580822,0
2683,AGACCGCCGCGCCGCAGCTTGTGTTCTTACTTTAGGCTTGGTTGGGACATATATTTTCTTACCTGTTGGCTTTGGTGCGAT,0.010671322233974934,0
2684,CAAACACTTTCAGCCCCGAAACAGTGCATTTTAGTAGATGTTGCTTTCATTGATTTAAACCATTTACATATTTTAACCATT,0.9999707937240601,1
2685,CTCAGCAAATTCGCACTTTGTCAGAAGCTTTAAAGGGTGAGCAGGGGCAACGTTTCGCCGTATTTGTGCAGGCTCGATACC,0.004462093114852905,0
2686,AAATCCAAATGGATGAAAGGTGAAACGATTTCAGTCAGTATTGGTCAAGGTGCATTTACCGCAACCCCTTTACAACTTGCC,0.00452981423586607,0
2687,CATAAGATACAAGCGCTTTACGTTGTTGGGACTGCAGCTTTTCAAAACGGGTGGCAAGACGTGACATAGGGTTGTGCTTTC,0.022117527201771736,0
2688,TTGACCTATTTAGATATAAATTGGACTTGTTTAATTGGCAAATCTCAATAGAATGTGCCGATCGTTGACATGTTGGATCGT,0.9999736547470093,1
2689,TTGAAGGTGTTGCAGGCGTAGAAGCTGGGAAACTTGGTCGTCGTGGTTGGGACGACTTTATTATTCGAGGCCAAACTTCTT,0.0044455379247665405,0
2690,GGTTTTTTTATTGCAAAATATTGATATACATTGTCATAAATCAGGTTTATGTTAGCATGCGCCAAGCACTGATTGACCTTT,0.9999752044677734,1
2691,AATTAGAAGGTTCTAACTGATAGGCGCAAAATGTAGTGGGCTTAGAATCTCTTGTCAATGTTTTTTGTGAAAAAAGCAGTT,0.9999741315841675,1
2692,TTGCTACACTATCCCAATAAATTATGATGCATTTGATCAAAGGATAGATCATACTTCATCTAAATTCTATTGCCTATTCCA,0.9999744892120361,1
2693,AAATCACCACCTACCTGTGGCGTTCAGAGATACTAATGGCCCAAACTTAAAAGTTTTGTTTATGTTATGTAATAACGTATC,0.9999738931655884,1
2694,TATGAAGGTTTTTTATTGTAAACAAGTCATATAAAACATAAATTTTTTTGATATCTTTATTTCTTTTAGTAAGAAGCAAAA,0.9999711513519287,1
2695,AGCTAGGGTTAAGAAAAAAGCTGCAATATTATAAACTATCGAACATCGCGCTGATAGACTCTTCGTTATTAATACGACGAA,0.9999737739562988,1
2696,CGTCAGGATTGGATACAAGCACTCGATCTTAATTTGGTCTCTACAATTGAGCTGAGCCGTGCTTTATACAATGACCTAAAA,0.004450293257832527,0
2697,AATTTCAATATCACAGTTTAAAATACCTATTTTGTATTAAATAGTCTTAAGCTTACGCATACAACGAGCTTTAGAGAGTGC,0.9999738931655884,1
2698,TTGTAATGCCTAAAGTATTACGCGCTCATCATATCCAATTTGATAAAAGAATTCGATAAATTATTCAATATAAAGATAAAA,0.9999746084213257,1
2699,GAGTGACAACGAGGTTGCCATGTTTTTTATAGTGATGTGTATTTTAAAAATTACAAGGGCATGACAATAGAAAATGTTGAA,0.9999632835388184,1
2700,AATAAATAATAAAGCTAATCGAACCTGATCATATCCCATTCGAGGGCTGGTTGCCTCAACAATTGGTCTTAGTTTGATCGA,0.9999734163284302,1
2701,TATGCAAAATTTTCAGCACTCTGAAGAAACTACTGAGTTGCTAGAAGAACAAACTAAAGAGCTTTTAACACATTATAAAGA,0.004496291745454073,0
2702,CTCAAAAGAAATTGTAGATCAGCTAAACAAAGGCAAAAGTTTACATGACGAAATCGTCAATGTGCATATTGATTGGGCAAT,0.00448087602853775,0
2703,TGTGAGAGACGGTCTTAAACCTGTTCACCGTCGTGTGCTTTATGCCATGCACGAATTGGGCAATGACTATAACAAAGCCTA,0.004576563369482756,0
2704,CTTTGTTTCAAATTGCAGTTACGGTCAGAAAATAAGCCATAACGATGTATAACTAATAACTTATTCAGGTAATTTTTTTAA,0.9999754428863525,1
2705,TACCTTTTGAACCAAACTCTGCGATTATTGCCCGTTATGCTCGTGGTCGTGATTACCATAAGGTGATGCGTGGCAGATTAA,0.4827311336994171,0
2706,CCAGCTTGCAAACCTTACATGGCTTGTTTGCCACTATTTATGCGCCTACATGGTTTCGTATGCTGGGAGCAAAAGTAGGTA,0.004452657885849476,0
2707,GGTAACACAAGCGGGTGCTCAAATCCGTCGTGGTGGCTCAGCTGCTCTCGACTTAGCTTATGTTGCTGCTGGTCGTTTTGA,0.0045792642049491405,0
2708,TTTATACATATCCGTAGATTTACTATTGGGATTCTAAAAAAGAGATGACTATAATCATGCTCGAAAAATTAAGAGGTAATA,0.9999533891677856,1
2709,ACGAATAGAAATTTAAATTGAACTGTTAGTATAGGCGAACTGAACGAAAATTTCACTCTTTTTTATTTCGCAAATTTATAG,0.9999740123748779,1
2710,ATATTCAAGCACCTTGCTTTCACCTTGTCCTGAACACCAGATTGCACCTATAATTTTGGTGTTAAATTCGGCAGTGTATAG,0.9998733997344971,1
2711,CACAAAATCAAAAGTAAATGAAAGAATATGGTACAAAAATAAATCTTACGAAATGGTTGTTTTTGTGTTTTATGTCTCAGT,0.9999678134918213,1
2712,TGGCGAAACGTGCAGCTGCCGAAGGTGGTCGTGATACCGAACATGCCGAGCTATCAGATACACAAGCTGCTTTAAATCCGG,0.004467565566301346,0
2713,TGTAATTGTCAATTATCAGATTGGTAAAAAATAATTCATTTTTGACTGAATTACAAATTTTGTGAATCAATTTGATTTTGA,0.999934196472168,1
2714,GAACGTCGTGTAAACAGCTATACATGTAGTTTAATTTTTACTTGTTATGATTGGCAATACCGTACAGCAACAGGCTGGACA,0.9999159574508667,1
2715,CTTTATACAAACCGACGCAAATGGGCATGGTTATATCAATATTCTTGCGGCTGACAAGCTCATGAATACACCTAAGCTATA,0.0044965860433876514,0
2716,TATGAAATCAATCCGGATTTATGTACAGAGTGCGTTGGTCACCATGACCAGCCACAGTGCCAATTATTTTGTCCAGTAGAC,0.004607030190527439,0
2717,GTAGATTTAAATACTACTATTCGGTTGAAAAAATTACTTCCGGCCTCACGTTTATTGATCACTGAAAGTGGTATTGCGACA,0.9996883869171143,1
2718,CGTGCAATACGCAAATGAACGTAAGGCCTTTGGTGTAGAGCTGGTTCAGCATCAGGCGGTTGGTTTTCGCTTAGCCGATAT,0.004571849945932627,0
2719,ATTTTATATCTTGTAACTAGGAGCGCGATGATACCTAATTTTGCAAGAAAAAAAACGTCTTTTGTGTACTTTACTCATCTA,0.9999740123748779,1
2720,ATTATGACTGGTCTTGGTCTAGCAGTTGCGATTCCAGCGGTATTGGCTTATAACATCTGTGTACGTGCGAATCGTGGCCTT,0.019065849483013153,0
2721,GTAGCTTATGGGAGTTTATTGTTATCTGTTCTGCTCAAAATACTGCTATAATGATTGGTTTGACCCGTTTTTGGTCATTTT,0.9999740123748779,1
2722,AAGGTAAACGCTATTGCCTTGAAAATGCACGTGTAATGATTCACCAACCATTAGGTGGATTCCGTGGTCAAGCATCAGATA,0.004478981252759695,0
2723,GCGAAGAATTACGTCAACAAGTAGCTGCCTTGGCAGTAACTGGTGCAGAAAAGATCCTGAACCAACAAGTTGATGCAGAAG,0.004514401778578758,0
2724,ATTTAAAAAATCGAGAAAAATATATTTTAGGAGAATTAGCTTATAAGCGCCATATTTGCCTATTAATTTAAGAAATTAAAT,0.9999738931655884,1
2725,TTGGAGTTATGCACTTGATGGCAGTTTACGTGGCGTGCCATCTCCGGAAAGTTACGGCGATTGTTTAGATAAGTCAGAATT,0.004484870471060276,0
2726,TAGATGCGATTGGCATTCGAGCTGACTTTAAGGTAAGTAACTTTGCAGATAACTTAAAAGCCGCTACTCAATGTAAATATA,0.004480176605284214,0
2727,CTTGACTTACTTGCATCAACAAACAAAAGCAATGTTTTACCAATGACCACTGTTGGCTTGGAAAACCTTGATCTTGTTAAA,0.004502755124121904,0
2728,GACACGTAAAGATTTAATGAATCGTTTAGGAATCGAATATATCTGCATTAGTCCAGATATTGACGAGAGTCCTTGTGGTGA,0.006686963606625795,0
2729,CGCTGGATTAAGCAATCTACAGAAAAAAGTCTGGAACTGGGTTTAGAAATTCTTTCACAGGCCATGTTCCCTTGCGCTGTA,0.004452600609511137,0
2730,GTTGTAACGTTAAGATAACGTTGAAAAAGGTTGTAACCATCTCAAGCCTGTCTATTGTCATGTTATTGGCGGGACAAATGG,0.9999653100967407,1
2731,GTCAGTGGGGTTTTTCATCAAAATAGTTTTGGTGGTGGTTTTTGGGATAACTACTCATTTCGTGGCTTTAGTACCGACCCC,0.004469858482480049,0
2732,GTGGAATAATCCAGAGCCGGAAGTCGTATTAGTTGCCAACAGCCAAGGTAAAATTTTAGGCGCGACTTTAGGTAACGATGT,0.004489548038691282,0
2733,CCATTGCACTGGCTGGCGGTTTCATTGTTTATGGCATCCTTAAAGCGACCATTGGCATTCGCCTATCTCAAGAAGATGAGT,0.004461097531020641,0
2734,TTCTCTAATTTTTTTTTGCTCCTATATTATCTTCTATAGGCTATATTGTAGAATTAGCAGATAAGCTAAAGATTTGGAATT,0.9999741315841675,1
2735,TTCAAACCCCTTTCATAGAGGGCGACATTCTACGTGATTTTCACCCTGAAAGAAAGATTAAATTTTGAGTTATCCGCAGTT,0.9999725818634033,1
2736,CGACTGATGCGTAAACAAACCTGCGTGTGTCTGTCGTTTTTTTTCATGTATGCTGTCCTTAGTTCAAGAGTTGATTTGAAA,0.9999276399612427,1
2737,CCCGGTTTAGGGTGTGAACCGCTGTCATTTACAGCAATAGAATAGAGTGGCATTATAGATAATCAATAGGTTGTCACTCTA,0.9999732971191406,1
2738,GCAACTGAAGCAGATATTGACCGTTTATATAAAGACTTTATTCCGTACCAGTTAAATTCTATTCCGAAATGTTCTGCTTTA,0.004456161521375179,0
2739,CTTTCAAAATTTAACAATTTGATTTTTGCTGTCTTAACAAAAAAACGCGTATGCTCATGTATAAACCATACATAAGAGTTA,0.9999760389328003,1
2740,CTTAACCAAATCATCATAAACGGCAAAGATTGTACTCTAAAGAAGTGGCAGATGCATGTAAAAGCGACTCATTTTCACCAA,0.9999642372131348,1
2741,TAAAGATGTATGGTTAGCCACTGAATCGCAACCAGAATCATGTATTGGACTCGGCCGTATGATGCTGTCTAGTCCATTAAT,0.004502665251493454,0
2742,AACTAATTTTGCTGAGTATATTGGATGGTTAGAGACATATTTTCATTCATCAGCAATAACAAACACAAAACGCTTGTTTAC,0.9990986585617065,1
2743,TTTTACACGGATACAATATCTCATCTAACAATCCGCATGTCTAAAGGCTATACTGACCACAATTAGTTTGTATTCGATCTT,0.999974250793457,1
2744,ATAACGAATCGCTCATATTGCAAGCACTTAACGCTAGCAATCAAAGACAAGTAGCAGAGATGATAAATGTCGATGCAAGCA,0.005019225180149078,0
2745,ACTCATGATCTCAAGCAATCCATTACTTTACTGATGGCAAATCAATATAACTGCCATATCACCAGAGCTGATATTAATCTG,0.00872959103435278,0
2746,TTAACATTGCAATTGATATAAAAAATAGACAGATCTGTACGCATTTTATAAAATATAATCGATTAAGTCTCAATTTATAAC,0.9999704360961914,1
2747,CTATTAAACCTTTGTTAAGTTTAACAGAAGTTGATAAGGAAAGACGTTCAAGAGAAATTCCGAGACAAGTTGCTGAAAAAT,0.004468055441975594,0
2748,ACCATTGAAGAAAGTTCTTTAACCGTGATTTTAGGTGAGTCGGGTTGTGGCAAAACAACTTTGCTTAATATCTTGGCAGGG,0.004632707219570875,0
2749,TTGGCAAGTCGCAGATGATCCATACAAAGTCTGGGTTTCTGAAATTATGTTACAGCAAACTCAGGTAAAAACAGTTCTGCA,0.004520155023783445,0
2750,AACAAATGCTTTTATTGACTCTAACAGGTTTTATATTACGTATAGGTATATTATATGGACAGTTCTATTTAAATCCTACCT,0.9999587535858154,1
2751,TTGCAAAGGAAACTGGAAAGAGTCCTTGGCCAAATACATTCAAACGTGAACATTACGCTGCTGATTTACAAGAACAATTTA,0.00449890922755003,0
2752,TATTTTTGCAAACTTTACTGTTACCCCAGAACGTAAAGAGGTGGTCGATTTTGCTAAGCCTTACCTAAAAGTGGCGCTCGG,0.004453116562217474,0
2753,TTAGAGCTAAGCACAACAAGTGGGCAGTATTATACGCCATATAAATTTTTTTTGCGAATTAATCTTGGGATTTAGCCAAGT,0.9999740123748779,1
2754,ATCATAGCGTAAAAATGTAACTGCACATTATCACCTTGTTTATGGCTAACACCAAACGGCTTTTTGTAGGAAAATATTAAT,0.9999741315841675,1
2755,GCAATTTTTTCAATCTTGGCTTCCTTCTCCAGAGAAAGTTTCAAATATGAAATTTTTAAGGATTTTCGGGCAAAAAACCCT,0.9969425797462463,1
2756,TCACCGGTCACAATTTCGAAAGGCTCAAAGAGTACTCGAAATTGACCGATGATGCAACAAGAACGTCGAATTACTCAGCAG,0.9999651908874512,1
2757,GATTGGCCATATTCAGTTTGCAGATTGTCCGGGACGCCATGAACCCGATACAGCTCAAATACCGTATGAGCAAATTTTTTC,0.004457627888768911,0
2758,AAGTTAGAGATGCTAAACTAAAAGCTGGGTTGCTTAGCGCTAATAATATGGGGCAATTTCAGACTTTAGATAGCGCATCGG,0.9996416568756104,1
2759,GCCGAAATCGGCCTACAATGTTTGGCAATTTTACTGTACTCTGCCCCTATAAAGCAAAGTCAAACCGCATCAATTCAAAGA,0.9999731779098511,1
2760,GACATTACCGCTACACATCATGGCCGCGATACCACTTACCGTACTGTTGAACGTATGGCCGAGACTGTATTTGTGCCATTA,0.004447465296834707,0
2761,TAATGAAGAAGAATTGGGAGTAATTGACTTCCAAGACGCGGTTATTGGTGCTGATACATATGATTTAATCTCGATTACACG,0.004487800877541304,0
2762,TTTAATTATTTTTAAGTTCATACAAATATTTTAAAACAAAATCTTCTTTAATATCTAGCGTTATATTTATTTTTACATTTT,0.9999704360961914,1
2763,ATTGCAGCGATCTCTGCATTACTTCTTGTCAAAAAACCTAAACAGCCTGTACATTTAGTACAAAGCTCAGGTGCTCGCTAA,0.939836323261261,1
2764,AATGGTGGCGATTAAGCAATTAGGTAGTAACGGTGGTGGTTGGTACGGTCCAAATAGTTCTGTGCCTTTAGAAAATCCAAC,0.004572730977088213,0
2765,TTTATAAAACCACTAGTCAGTTCGTCTATTTTAACTTGTTCGATAGAATAAGTTGCAAAATCTTTTGGGCAAGATCACGTG,0.9999573230743408,1
2766,CATGAGTTATACCTCTATTTTCCGTCCACAAACTGGTATTGATAAAGATACCAATCAAGCTTTAAAACCTATTGAGGGTAA,0.004527343902736902,0
2767,GACAACGCCTTCGATATGCATAGCAGTATTATAACCTGTTACCCCAAAGGCCAATTCGTGCATATTGGTTTTACCTACAAT,0.9975135326385498,1
2768,TGAAGCCATTTTACAGTCTGAACAACCACAAACTGCATTATTACGTTTAATGCCACTGATTGAATCAGTCATGCGTCGAAC,0.004483954980969429,0
2769,GGCTATATAGATCAAGCAAAGTGAGATTATAGCATTGAAGTACGCTGGTCTTAAGAAAAGAAGCCGTATTTTTGGTATCAC,0.9999740123748779,1
2770,GTGGTTTTCTCTTACAACTTCCTAACAATTCTACCAATAAATACATACATCCTAAAAAATGGCTTTAAGTTTGCTATTAAA,0.999962329864502,1
2771,AAACTCATCTAAAAATATTTTTCTTCAAAGCCAGTCAAATACCCATATTTCAGCTAAAGAAAATATTAATTTAATGAGTGA,0.999963641166687,1
2772,CAAAGCTACGATACTGTTCTTAAAGGCTTTGCAATTTATTTACCTGATACAGCAGGGGTAGCCTTTATTGAAGCGATGAAA,0.004462593235075474,0
2773,TTGTTTTAAAAGTATCTGTATAAAGTAGTGCTCAAATGCATTTTGGGTTAGGCTGTGTGTTCTTTCTTTTTGACATGGTCC,0.9999740123748779,1
2774,GTGAAGTATGCAAACATTAATTTAGACTTTTTATCTAATTTTAAACTTAATGTAAATCAAAATCTTATATCTCTTTGTTAT,0.9999719858169556,1
2775,ATTTAATTTGATACCAAAAAATTAGTTGACTTTGTTTTTTGTGTATCGAAAAATAGATTTAAGGGTGATACCTACAGGGAA,0.9999724626541138,1
2776,AATAAGGATTAGCGGTTTTGGATCACCATTGTAATACGGTTTTCTTTATCTTCAGCAAGAGCCTGCTTTAAAACCAGTTTA,0.9999741315841675,1
2777,CCAATTTATGATTGCGGAGTATCTTATTTTATAGATGCCAGTCAGATTAAAAAGCGCAAAATATGACACAATCCTTACATC,0.9999700784683228,1
2778,AGTTCGGTGCTTCTACTGGTCGTCAACGTCGTTGTGGTTGGTTTGATGCTGAAATCTTACGCCGTTCTGTAGATGTAAACT,0.004632298368960619,0
2779,ACTTCAAGTAAAAAAACAACAGCACTAAGCTTAAAACATTCTTAAAAAAAGAAAATGTAAACATTTGATTGTTTCGGTTTT,0.9999744892120361,1
2780,TAGCTTATGGGAGTTTATTGTTATCTGTTCTGCTCAAAATACTGCTATAATGATTGGTTTGACCCGTTTTTGGTCATTTTA,0.999974250793457,1
2781,AGAAATGAATTAATTAAGATATCGATTGCAATTCGTTAAGAAGCGTGTATAGTCGACACTAACTACAAAAATATTCATGTT,0.9999732971191406,1
2782,ACGTGCCTTGTTTAAAGAAATGTCTGAACGTGACGCGGTGCAGTTCAAAGGCTCGTTACAAAATTACTTTGTACGTGAAAA,0.0045059919357299805,0
2783,TCACTATAGGAGGAGATAATCTCTATCAGTATTACATAGCTACTTAGTTCAATGTAAGGGTTTGATGCTATTATTCAAGGC,0.9999737739562988,1
2784,ATAAATTGACCATTTGGTCAAGCCTTCATCATACTGGGCTATAAAAATAAAGCTAGACTTTTAAGACCTAAATCTTAAAGC,0.9999738931655884,1
2785,ATTAGAAGGTTCTAACTGATAGGCGCAAAATGTAGTGGGCTTAGAATCTCTTGTCAATGTTTTTTGTGAAAAAAGCAGTTG,0.9999760389328003,1
2786,CCAAGTGATGATGTCAGATGAAGACCGTCTCAATGAACTTCGTAAATACTACCCAGATGCGAAAGCTGAAGACTGGCGTTT,0.006460021249949932,0
2787,GCTGTTGCATTATCTTAATCGTGTCGCATGATAAACTATTTACACCAAGAGCAAAACTGGCAATCACAACTCAGTGACCTT,0.9999737739562988,1
2788,CGCTATATGGCTTGGGTTACATGATTCCTGTCTTTCTTGGGCAAGTCCGTGAAATGAACAGTAGCCAAATTGGTCACGTCA,0.00445163669064641,0
2789,GTAATTGAAATGGATTGGTGGCAGGAAATTCCTTATCACGAATTAAGAATTGTTTATACACCTGCTCAGCATGGCTCGGGG,0.004644031636416912,0
2790,GAACGTCAAATCTTTGCCGATATTGAAGGCTTACAGATCGATGGCGTTGAGAAGTCACCAGAAGATTGGAGAACTACTCCA,0.0044649746268987656,0
2791,TTTGTTAAACGAAGGTTTTAACGCTATGGAATATAAAGAATCCCATAGTTCTGACAAACCTTTCCGTAAAATGAAAATCAA,0.004554157145321369,0
2792,AACGATCATTATGAAAATAAAATAGTTGATAAAAATTTGAACGTCAATTAATTTAATAACGATTGTTATAAAAATAGATGT,0.999974250793457,1
2793,TGTCTATTCAGTCAAAACAGCTGGCACATTATACCTGAGGAGAGGTTAACTGCGGGGGGGTAAGTGGGCATAAAAAACGCA,0.9999613761901855,1
2794,CTGCGCCCGAGATAGGTTTAAAGCGCACTGTTAAGCCAATATCATGTGCTAAAATCAAAATCTCTTTCATTGCCAACGCGG,0.999913215637207,1
2795,GTAAAACATCCTGAATATTTAGTTTTAACGTGTTGTGCTGCATTTGTTACCATCGTTATTGCTAAATGGATGCGTCATTTA,0.004471235908567905,0
2796,TTTTGAATATTTCGAGCCAACATTTGCGAATATACTCAAAATCTAAGTCTCTGATTTAAAATGCCACATTTTCTTACAATT,0.9999696016311646,1
2797,AAATTCATGATATTCCCGCATTACGTGGTCACTTACGTACCATGACTATGCCGCAATATGAAAAATTTCAGCAATTCATGC,0.004562255460768938,0
2798,TCTTCATCTCTTCTCCAGTCCAGTTGACCAAATTAAGTAGGTGAAGGCAGAATAGAAAATATCTGGATGGATAAATACATC,0.9999703168869019,1
2799,GTATTTATTTTGCAGGCTACTGTTGAAACTGCATATCAAGGCTGGGTTATTGGTATTGTTCTTTTGGTGAGCCTATTAAGT,0.004465542733669281,0
2800,AGTCAGTAAAATCACTGCATCGGGATGGTATCATAAGTCAATTCAAGAAGAACGTGCAGAAAAAAAATGAAGCGTGAGTAC,0.9999409914016724,1
2801,AAAGTGTTACAGATGCGAAAGCATTCAATTATACCGTTCCTTCGACTACATTTAAAGATCTAGATGGTGATACTCTAACCT,0.9994268417358398,1
2802,CAATGGCGACGGCACCTGGACGCTTGCAGACAATACACTTCCAACACTCGCAGACGGTCCACACACCATTACCGTGACTGC,0.014614434912800789,0
2803,GAGCTTATGTGCCTGGTATTCGCCCAGGTGAGCAAACTGCTCGTTACTTAGATCATATTCTTAATCGTTTGACGTTTATTG,0.004473286680877209,0
2804,ACCTTGCAATATGTCCACGTTTACCTTGCATTAGTACACAAATAATATTAACGTGTACTTATACACAATAAAAAAATAGTG,0.9999755620956421,1
2805,CATCAAAACAATACCACTGATTATCTAAAAATACCTCCGCCCAAGCGTGACTGGCAAGGTGTGGAGAATTTTGATCAAATA,0.999045193195343,1
2806,TTTTTACATCTAAAAATCCCCACATCCGCAAATTGCTTAATTTTTGCGATAAGATAGTGTGCTTTTTATTTTTAATCCCAT,0.999970555305481,1
2807,GCAACCACAGGCAAATACAATTGAAGCAACTTTTGTACGTGAAGTCTGGATTGCTGGAAAAGTAGTGGCGGAATTACAAGA,0.004448052030056715,0
2808,ATACCATGATGCCTATACCACTATCGACAAAATCGTAGATAGTTTTTGGGAACGTGTACCTTATATCTGCATTGCGATTGT,0.004478041548281908,0
2809,CTGAGTAATAAACGCCAAGATCAATGGGGTGGTTCTTTAGAAAACCGCGCTCGCATTTTAATTGAGATTGTGGAAGCCGTT,0.00445671146735549,0
2810,CTGTTGCATTATCTTAATCGTGTCGCATGATAAACTATTTACACCAAGAGCAAAACTGGCAATCACAACTCAGTGACCTTA,0.9999738931655884,1
2811,GGGCTCTGTCGCTCTTTTTTAATTATTATACACATGTATATATATTTGTATATACACTCGTACTTTTAATTACAATTTCAC,0.9999743700027466,1
2812,CATCGACTGCCCTACACTTAGCTGAACAAGGCGTAGATACCGTTTTATTAGAAAAAAACCGTATTGGTAGTGCAGCTTCAG,0.004456335213035345,0
2813,AAGTTGCAGAGTGGCTCAAAGAAATTTTGTATAACAGTCAAACTCAGCCCAAATGGCTATCTGCAAACTATCGTGATGTCG,0.004493402782827616,0
2814,TGTAAACAATTGATTGCTCACATCAAAACAATACCACTGATTATCTAAAAATACCTCCGCCCAAGCGTGACTGGCAAGGTG,0.9999322891235352,1
2815,CGTTAGAAGACATTTCATCTTCTGCTCGATTCTACCGTGATGATGACGGTATTTTGCATATCAGCACCTATTTTTTAACGA,0.9998533725738525,1
2816,AAAAAACCGGACCCGACACATGGCCGCCGTATTTTAATTACCCTGACCGAAAGCGGGATTGAAAAATTAAACAAATGCAAT,0.0044636353850364685,0
2817,CTAACGATGACTCAATTCAGATTCATGTCTGCCACTCGACATTACGGCAACTTGAAGTATTGAAAGAACAATTGATTGGCT,0.00445019593462348,0
2818,CATTGTTACAATAATGCCAAGTGGGAATTTGGCTTTCATATTCATTTTGCTTAAAATGATGTTTTAAGTTTATTTATTATA,0.9999746084213257,1
2819,TCGGTACATTTTAAACATAGTCATGGCGTCGTGTTCAAACTCTTGCTAACATGCTAAAGCATAACAACAGCTTAAAATTAT,0.9999744892120361,1
2820,GCAGTTTTGGAGGGGGTGGTAAAGCGACATCGAACAATATCGCATGCTACACTTCGGCTCATCTGGTGAATTGAGATTGGA,0.9994476437568665,1
2821,TTACAATTAAGGAATTGTACAAACCTTGCAGGTTTTTTAGAACCAATTTAAAACGTTAATGTGAAATAACAAGGATCAGAT,0.999974250793457,1
2822,ACCTTAGCTACTCAAATTTATGTGCGTATGCGCAGAGTAACGGGGCGGGTGATAGATGCAATGTATGTTGTTCAAAATAAA,0.004531168844550848,0
2823,GTTTTTAATAATTGAGAGAGGCTTGAAATATAGCCTCTTTTTTATTGATAAAATATAAACACGTACTGAATTCTTTGAAAA,0.999974250793457,1
2824,TCATGATTTGTGTTGAAGCTTAGAAAGCATTATGGATGTTTTTTTTTAGAAAAAAAGACCTGTTATTTGTCGATGCGACAT,0.9999735355377197,1
2825,AAATATCAAAAAAACTTCTGATTGATCATTGTACGTGAAAATTACTCTCATTACAGTACGGATGTAACGTAATCTCAATAA,0.9999748468399048,1
2826,TTTGGTCGTTAAAATTTAATCAATTTATAGCTTTGTTTCGGCTTGGGTTATGATAGGCATAAGGTTTCACTTATGTAGGTC,0.9999736547470093,1
2827,TATTGGAAAACGTACTGCCTTGACATTATTAACTTTATTCAAAGGTAAAAGTTTTACAAATGCTGGTCAAGCTGCTGCATT,0.004459100775420666,0
2828,TATGGCAATTTTGAAATCCACTGCCGATGGATGGGAAAAACTGACAGGACGTATTATCCGTGAAGGGTATGGCTTATCAGA,0.004427274223417044,0
2829,AAAATTTATAAGAGCGAGGATGGGCGCTATTGTATAAATAATTCCATGCTTTACTGTGGTTTTATGTTAGACATTGATGAT,0.9999734163284302,1
2830,ACCATTGCCTGTTTCGTGCATCGACTGATGATATTCTAATTGGCAACGCAATCTATATATGAAACGTCAACAGACCAGTCT,0.9999672174453735,1
2831,TAAGCAATAACTTCACAGGTTATCAACTTGATGGCGCCTTTTTACTCTGGCTCATTTCTTTTGTTCTCACAATTTTAGGTT,0.0050093140453100204,0
2832,CATAAGGCGATGGTATAAACGAAATATCTATAGCGCTGCCCAGTATGTTATTATACCGCCACCAAATTTGGCCTTTGTAGC,0.9999148845672607,1
2833,CTCACACGTTTGTGGCGAAGTGAGGGGGTTAGTTGGCTCATTGATGAATCAAAGCTTTTTGTCCCTCATTTTACTGCACCA,0.004452431574463844,0
2834,GATTTAGAGACGGATCAGAAAGTTGCTGACACTAAGTCTATGGGCTTAATCAGTGATGCGGAAATGAAAGACTTTGAAGCT,0.004477642010897398,0
2835,GACTATTTAAATAAACATGGAACGCCAGAGCAACCAGAAGATTTGTTATCACATTATTGTGTTAATTTCTTCTCGACATCA,0.004461190663278103,0
2836,ATCTCAAAGGATGGTTAGCACACCGAACGTTGGTCGTGGCGACCCACCGCCGAGCTGTTCTTGAACTGGTCGATCGAATTA,0.004451269283890724,0
2837,GGCTTGATTATCATGAATGGGCAAGAATGCAAATTTGGGACAACATAGAGCTTTGTCTTGCGGACTTAAAAGCAAAAGGTG,0.004627170041203499,0
2838,ATGCGTCTGATCAGTCATAATTTGCATAATTGTCATTCAACAATCTGTTATTGTTAGAACTGGACAATCAAAATACTGCAA,0.9999337196350098,1
2839,TACCGGAACGTGCTGGACATATTATTGTATTTAGCTCAGTTCCTCTTTTCTTATTAACTGGTGCCGCCTGGCCTCATCAAG,0.0046500577591359615,0
2840,GTACTGAGCGTGTAATCGTATCTCAATTACACCGTTCGCCAGGCGTATTCTTTGACCATGATAAAGGTAAGACCCACTCAA,0.004755547270178795,0
2841,ATTGACTTTTTATATTAAAAATGAATGGAAAATTTTCAAAAACTGTATAAAAATAAAGCTTGGAGTGTTTTTTAATCAAAA,0.9999649524688721,1
2842,TCTCGGTATTGGCATTCACCTAGCAGTGGATGGCTTGTCTTTACTCATGGTGTTATTAACAGCTTTACTTGGTGTACTTGC,0.004635029938071966,0
2843,TTGAATTGACCATTGTGACAAGCTCTCATTTTCTCAAAACTCACGCAGCTTGAAAAGTAAAATGAGAGATTTTAAAGGAAT,0.9999737739562988,1
2844,CACAGGGTGGTTGAGGCTGCCCTGTTTGCATTATTTGTAAGCGTTGGTTAAAGTTTGTTGATTAAACTTTATAAGGATAAA,0.9999580383300781,1
2845,ATGCATACCATTACAGGTACACCTGAGAGTATGCGTGAATTGGTACGCGATTTAAATCAATACACAGGCTGGCGAATTGCA,0.004532373510301113,0
2846,GCTTTTGCGATAGTTGTAGATATGATGCCCACAAGAGCTTAGAAAAAGAGTAAACTTAGTTTTTCTTTTTCGCCTTGTGGG,0.9999712705612183,1
2847,AAAATATCTCGCTTGTACGATAAGGTTAATATACAGGTGTATACATTATCTATGCCAACGAAAAGAAACGTGTGGCAATAA,0.9996161460876465,1
2848,GTCTGCTTCTTCGCATGGTTTGCTTGCGCTCCATTAATGCCCGTTATTAAAGGTGAGTTCGACTTAACCAAAGATCAAATT,0.0044426582753658295,0
2849,TCTTGAAGATGTTCACATGAACATTGAATCACGTTTGACTCAACGTATCGGTATTACAGGTAAAAAACTTCACACTGGTCG,0.0044642542488873005,0
2850,TCGACATCTCTAAACGAAGATGTCACTACTATACGCTCATAATGTGTAAACAAAATTAAGTTTTATTGATGTATGACCAAA,0.9999741315841675,1
2851,TTTTGTTGTGATTGTTTTTCCAAATGTTAAAAAAATTTCAAAATGAATTTACGATGATCTATCAGGCTTGAAAAAAAGTGT,0.9999738931655884,1
2852,CGTTATATACCATGGGCGTGGTTTCTAATTTCGAGGAAGCGATGCACAAAGCAAAAGTATTATGGGAAACACGAAATACAA,0.004486169200390577,0
2853,GATAAAAATATTTGAGTAAAAGCTCTATTTTTTTCTAAAAAACATGATTAATATCTGTGTTTGAAAGGAAACTTCAAACAA,0.9999750852584839,1
2854,TAAAAAATTAGCTCAATCTGACATGATTTTTTCATCGCTATTTACTGTTATAATGCCAATTCCTCAATTAAATGTTGTTTA,0.9999706745147705,1
2855,TAATGAGTAAGGGGATGAAATAATGAAAGATATCTCACACCGTGAAGTTTATGCACTGGTTGATATTAATAATTGCTATGT,0.9999701976776123,1
2856,TCGCGATAAACAATCATGCTGACTACTCTGAAAAGCAATTAACTGTTTTAAACTAAAACAATTGGCAAGCAATTTATTGGC,0.8591705560684204,1
2857,AGATGCGGCAAGAAATGAGATTCCAGTGAAATTTACGCAGTTTTCTGGTGGCGAGCGTCATGTTCAAATTGATGAGACAAC,0.004487070254981518,0
2858,AGCAATGCTTATCGGTTTTATGGTTCTAGCTGGTCTTTATTTTAAATTTAAGAAAATTGTTCCTGCCACCTTAACAGCCGC,0.004470684099942446,0
2859,TACGGACAAATGGCAAAATAAAGCGCAGGGAGCTTTAAAAAATAATGTTATATTTTGTTAATGCAGAATATGTAGGAATCG,0.9999741315841675,1
2860,CTGCAGAAAAATTTGGTATAAGACACTTGTTTACTATCTTACAGCCCTCAAGTCTTAAGAGTATAAGACAGCCACAAGATT,0.999963641166687,1
2861,TTTCGCCTGAAGGCTGTGCATCTATTTTGTGGAAAACTGCTGAGAAAGCAGCTCAAGCGAGTGAAGCTTTAGGTTTAACAG,0.004450466483831406,0
2862,TAAAAGATGTGAAGTGCTCATTGCTTGAAATGACATCAATGATTGGGGATATTGAAAAGCACGAGGGGGAATTCTTCTTTA,0.004510075319558382,0
2863,GATCAGGACGAAATCTATTTATTTCATCCTAACCGAGAATCATGGCTAGGCAAGTGTTTTTTTTGAATATTTACACTTTAT,0.9999704360961914,1
2864,AAAATGTCAATTTAGTTCCAATCCGGATTTTGGGATGTGATGGGTCAGGGGCCTCAAGTAATGTTATTGCTGGTTTAGACT,0.004517257213592529,0
2865,ACGATAAAAATTTAAAAGTGTGAATTGATTGGCATTATTTAGTTGTGCTAAATTTCCTCTGTTAATTACTTAAACTTTCCT,0.9999748468399048,1
2866,AAATGCCCTCTTCTTGAGGGTCGCTCATTATAACGATTGTTTAAGTCTTATGCAATTCTCTTTTTCTATTTTCTGCTCAAT,0.9999704360961914,1
2867,CTAAAATCGAAAAAAATATAGCTGTATACTATAGCATAAAAGCGCTCTGTAATGTGCGGAATCTACACTGCCAATCTGGTG,0.9999737739562988,1
2868,TTATAGTTTATTTATAGTCTTCACTTTATCTACACATTAATTTGTTAAATAATGAGACGTAATGGATACACATAGGCTACA,0.9999737739562988,1
2869,CAAATGATAAATCCGTTACTGTAAGAATGATTCTTGCTGAGCCTCAATTAGGGAATCTGAATGGGATTGTGGTAGGCCTTA,0.005757980048656464,0
2870,ACAATCTCACTGGTAAATTCCGTGAGCTATTATAAACAAATTTCGATGCAATTTTCATATTATCTTTGCCTTTTTCAGCAA,0.9999696016311646,1
2871,TATTACAAAAAAATAACTAAACTGTTTATTATTAACAAAATATCAATGTTTTATACTTCCTTTTTGTTTCATTATTCATTC,0.9999707937240601,1
2872,GTGTACAAATAAAAAGCACGAACGCGAAATTTTACATTGTATTGACTGTTATTGATAGAAAAAAATAGGTTTTTTAAAAAT,0.9999703168869019,1
2873,TCTGTTGGAAAATGGTACAGAAGAAATCGTCTATGTATCTGGCGGTGTTTTAGAAGTTCAACCTCATGTTGTGACGGTTCT,0.004549850709736347,0
2874,AATTTATTGTTCAATTACAGGTTATGGCCAAACTGGAAGTTATAAGGACAGGGCGGGACACGACATTAATTATTTAGCCTT,0.00461615389212966,0
2875,AAAAACCAATGGTGGCAATTGTCGCTGGTTCTAAAGTTTCAACAAAACTTGATGTATTAAATTCATTATCTGGTATTTGTG,0.004511072766035795,0
2876,GATAAGCTCAAGAAAATCTTTTTTCTGCATGCCAACCTCGAAGGGCTGTACCGTTTACCTTTACAGGCCATTTTTGAAATT,0.004465559497475624,0
2877,AAACAATACCAACAGAAGCAAGTAGGTACTATATGCATAAAATATGTAGAAATAAGGTATTGTTGCAAATGAACAACATTT,0.999974250793457,1
2878,TTTATTGCAAAAGCAGTAGCACACTTGTTGAAAGAAGAGCCTTATTTCGCGGGTCACTTAGCAGATGATCAGAAATCTGTA,0.004526022356003523,0
2879,AAAAATGTCTTACTATGATTTAAGCAAAGTATAAAGCATAAAACTATATAGCGTGAAGGTGCTTTAGGTATTTATAAAATA,0.9999743700027466,1
2880,AAATGCACCATATTCACACATTTTCAAATTATGGCATATTTAAATAGCTCATTATTGCCCTAATTTAGTGCAAAATTGTTG,0.999972939491272,1
2881,GTTGCTTTACGTGAACATGGTTCACTGGTCGCTGCAGCTAATGACCTATGCTTAACGCCCTCGGCTATTTCTCACCAATTA,0.5484844446182251,1
2882,CCTGCAAGACGCTGAAAAAATGTTAGTATATCGCACAAATTGAATAACTGATGTGTTTAGGTTTTGTGATGTCAAATTTCT,0.9999698400497437,1
2883,AGATTGGCCTGTACGCAAAATTTCATCATGATAAGAGGTAATATGGGCAACTGCATTATTATTTAGTGGTTTTTTTGTTTC,0.9999750852584839,1
2884,AATCTGCTCACATGAAAACTCGCACCTAGTTTACCCCAATTTTTTGATAAAAAACGTAGAGAATTCAATCAACATTCCAAG,0.9999681711196899,1
2885,CATGGTCGTAGCGGCACTAACGCAAATTGAAGCTTTTAAACGATATGATAATCTCAGCATACAACAAACTCGATAAGGGAG,0.999954342842102,1
2886,TAAAGAAATATACAGTGTTGGGGTTTACCCCTAGGCGTTTTTTTAAGACAATATAGCGGCATTGAATGGTTATTCATCTTC,0.999963641166687,1
2887,AGCTAAACAAGCTCTTCATTCAAGACTTATATTAACCGACAAACTTTGTGCTAATCATTGAGAAAATAAGATATTTTGTTA,0.9999680519104004,1
2888,TTGCCAATTTATGATTGCGGAGTATCTTATTTTATAGATGCCAGTCAGATTAAAAAGCGCAAAATATGACACAATCCTTAC,0.9998989105224609,1
2889,AGCCCTCACCCCTTAGTTGATGTTCGTAATTATGAACATGTGTATTGACAATTGCAAGTCTTTATAGTTCTAATATGCGAA,0.9999737739562988,1
2890,TCGGGTCGTTATGAACAATATGGTCCTGAATTATTACGTTTCAAAGATCGTCACGACAATCCGTTTGTGCTTGGTCCTACA,0.004506809636950493,0
2891,TTTGAAAACATGGGTGCTCAACTTGTTCGTGAAGTTTCAAGCAAAACTAACGACATCGCAGGTGACGGTACAACAACTGCA,0.00446982029825449,0
2892,TTTAGACAAGATTTCTCAGAACATTTACAGCAGAAATTACCGCTTAATCTTGCAGGAACACCATTTCAGCTACAAGTATGG,0.0049661267548799515,0
2893,AATCGAACTGGCTCGCCTCATGCCAAGTGAAATTTTGATTGATGAAGATCTGGTTGACCCGAATATTATCGAACAAATTAA,0.004573885817080736,0
2894,CAAACAATCTCTCGAATGAGAAGATCATTATAAACAAAAACGCCCCAATTCAAAAATTGGAGCGTCCATGATTCATCAAAA,0.9999641180038452,1
2895,TTTCATATTGAACCTAGTTTCCAGTCAGATGCTTCTGTTATTGGGCTATTTGGTGCCTCTGGGTCAGGTAAAACGTCCATT,0.004450126085430384,0
2896,CTCAAAAAGGGTAAAAACGAAGTTACAGAATTTAGTTAAATTATCTGTGTATGGCAACCCTTAAGATGTAGCTTAAGTTTT,0.9999717473983765,1
2897,ATAACCCTATAATTAATAAAGTAAAGAATTTTACCTATCATTAAAATTATGTTCTAGTGCCAAAATTTAATACCATGTAAT,0.9999706745147705,1
2898,TCCGACACTCAACAATCCCCTTTTGATTCATTATCGGAACGGGAAATGCAAGTTGCAATGATGGTCGTCAACTGTATTAGC,0.004515430890023708,0
2899,CGATGATTCAGTAGTACGTAGTCGTACGTATAGACGTAGTACGAGTAGTGATGTAGCTAGCTAGCTAGCTAGCTGCATGAG,0.9787834882736206,1
2900,ATGTAGTCAGTAGTTCACATCGTGAGCGCATGTAGCCGTAGCATGATAGCTAGCTATATATCGATGCATGATTACGAGGCG,0.9974333643913269,1
